-2.195796389849818259e-02 -1.534449896974216486e-02 -1.083261701932860741e-02 -9.744405121099933287e-03 -1.471704469784359311e-03 4.356498170022781759e-03 -1.582300387685856707e-02 -1.557344624569861717e-02 -1.796333963349517346e-03 -6.416960302596434219e-03 -7.565531710896611882e-03 -4.350106157516707428e-03 4.356498170022781759e-03 -1.678533412772389641e-02 -1.083261701932860741e-02 -1.001754873381182579e-03 -6.416960302596434219e-03 4.356498170022781759e-03 -9.744405121099933287e-03 -7.123453632006352711e-03 -9.101398952586750926e-03 -1.557344624569861717e-02 -1.001754873381182579e-03 -1.471704469784359311e-03 -1.471704469784359311e-03 -1.796333963349517346e-03 -6.416960302596434219e-03 -1.001754873381182579e-03 -1.083261701932860741e-02 -1.662698447929788700e-02 4.356498170022781759e-03 -1.534449896974216486e-02 -8.155098137330620348e-03 -1.083261701932860741e-02 -1.678533412772389641e-02 -1.582300387685856707e-02 -4.350106157516707428e-03 -2.195796389849818259e-02 -1.083261701932860741e-02 -1.083261701932860741e-02 -1.083261701932860741e-02 -9.744405121099933287e-03 -1.662698447929788700e-02 -1.582300387685856707e-02 -9.101398952586750926e-03 -7.565531710896611882e-03 -7.565531710896611882e-03 -2.479516075347512703e-03 -6.416960302596434219e-03 -6.416960302596434219e-03 -6.416960302596434219e-03 -7.565531710896611882e-03 -9.101398952586750926e-03 -1.557344624569861717e-02 -2.479516075347512703e-03 -1.796333963349517346e-03 -9.744405121099933287e-03 -2.195796389849818259e-02 -1.582300387685856707e-02 4.356498170022781759e-03 -1.557344624569861717e-02 -1.678533412772389641e-02 -1.083261701932860741e-02 -7.123453632006352711e-03 -9.101398952586750926e-03 -1.534449896974216486e-02 -1.796333963349517346e-03 -1.083261701932860741e-02 -2.195796389849818259e-02 -1.662698447929788700e-02 -2.195796389849818259e-02 -1.083261701932860741e-02 -1.796333963349517346e-03 -2.479516075347512703e-03 -1.662698447929788700e-02 -9.101398952586750926e-03 -4.350106157516707428e-03 -8.155098137330620348e-03 -7.123453632006352711e-03 -7.565531710896611882e-03 -1.662698447929788700e-02 -1.534449896974216486e-02 -1.796333963349517346e-03 -1.083261701932860741e-02 -2.479516075347512703e-03 -1.471704469784359311e-03 -2.195796389849818259e-02 -7.123453632006352711e-03 -8.155098137330620348e-03 -9.101398952586750926e-03 -1.678533412772389641e-02 -1.471704469784359311e-03 4.356498170022781759e-03 -7.565531710896611882e-03 -1.796333963349517346e-03 -2.195796389849818259e-02 -1.678533412772389641e-02 -7.123453632006352711e-03 -1.582300387685856707e-02 4.356498170022781759e-03 -9.744405121099933287e-03 -7.123453632006352711e-03 -1.796333963349517346e-03 -6.416960302596434219e-03 -6.416960302596434219e-03 -4.350106157516707428e-03 -4.350106157516707428e-03 -1.662698447929788700e-02 -1.557344624569861717e-02 -1.582300387685856707e-02 -4.350106157516707428e-03 -7.123453632006352711e-03 -6.416960302596434219e-03 -6.416960302596434219e-03 -2.195796389849818259e-02 -4.350106157516707428e-03 -1.083261701932860741e-02 -6.416960302596434219e-03 -1.582300387685856707e-02 -4.350106157516707428e-03 4.356498170022781759e-03 -7.123453632006352711e-03 -1.678533412772389641e-02 -1.471704469784359311e-03 -1.678533412772389641e-02 -9.744405121099933287e-03 -1.083261701932860741e-02 -8.155098137330620348e-03 -1.471704469784359311e-03 -1.083261701932860741e-02 -7.123453632006352711e-03 -6.416960302596434219e-03 -9.744405121099933287e-03 -7.123453632006352711e-03 -1.678533412772389641e-02 -7.565531710896611882e-03 -8.155098137330620348e-03 4.356498170022781759e-03 -7.123453632006352711e-03 -9.101398952586750926e-03 -1.534449896974216486e-02 -9.744405121099933287e-03 -1.471704469784359311e-03 -1.662698447929788700e-02 -7.123453632006352711e-03 -7.123453632006352711e-03 -7.123453632006352711e-03 -7.123453632006352711e-03 -8.155098137330620348e-03 -9.101398952586750926e-03 -4.350106157516707428e-03 -9.744405121099933287e-03 -1.582300387685856707e-02 -2.599656670566076726e-03 -1.083261701932860741e-02 -9.744405121099933287e-03 -2.599656670566076726e-03 -1.796333963349517346e-03 -2.599656670566076726e-03 -1.582300387685856707e-02 -1.662698447929788700e-02 4.356498170022781759e-03 -1.471704469784359311e-03 -1.083261701932860741e-02 -1.662698447929788700e-02 -1.534449896974216486e-02 -2.479516075347512703e-03 -9.744405121099933287e-03 -8.155098137330620348e-03 -4.350106157516707428e-03 -1.582300387685856707e-02 -1.662698447929788700e-02 -1.534449896974216486e-02 -1.557344624569861717e-02 -1.582300387685856707e-02 -1.083261701932860741e-02 4.356498170022781759e-03 -2.195796389849818259e-02 -6.416960302596434219e-03 -7.123453632006352711e-03 -4.350106157516707428e-03 -1.557344624569861717e-02 -2.195796389849818259e-02 -7.123453632006352711e-03 -1.796333963349517346e-03 -2.599656670566076726e-03 4.356498170022781759e-03 -2.195796389849818259e-02 -1.534449896974216486e-02 -7.565531710896611882e-03 -1.534449896974216486e-02 -1.083261701932860741e-02 -9.101398952586750926e-03 -1.001754873381182579e-03 -2.479516075347512703e-03 -4.350106157516707428e-03 -1.678533412772389641e-02 -6.416960302596434219e-03 -4.350106157516707428e-03 -1.001754873381182579e-03 -9.744405121099933287e-03 -7.123453632006352711e-03 -1.471704469784359311e-03 -1.001754873381182579e-03 -4.350106157516707428e-03 -2.599656670566076726e-03 -8.155098137330620348e-03 -8.155098137330620348e-03 -1.083261701932860741e-02 -1.582300387685856707e-02 -6.416960302596434219e-03 -1.796333963349517346e-03 -7.123453632006352711e-03 -4.350106157516707428e-03 -9.101398952586750926e-03 -1.582300387685856707e-02 -1.471704469784359311e-03 -1.001754873381182579e-03 -7.123453632006352711e-03 -1.678533412772389641e-02 -7.565531710896611882e-03 -1.083261701932860741e-02 -1.001754873381182579e-03 -8.155098137330620348e-03 -1.083261701932860741e-02 -1.557344624569861717e-02 -9.744405121099933287e-03 -1.662698447929788700e-02 4.356498170022781759e-03 -7.565531710896611882e-03 -2.195796389849818259e-02 -7.123453632006352711e-03 -2.599656670566076726e-03 -1.083261701932860741e-02 4.356498170022781759e-03 -1.083261701932860741e-02 -1.083261701932860741e-02 -9.101398952586750926e-03 -1.083261701932860741e-02 -1.796333963349517346e-03 -2.195796389849818259e-02 -2.479516075347512703e-03 -9.101398952586750926e-03 -1.662698447929788700e-02 -9.744405121099933287e-03 -1.083261701932860741e-02 -1.001754873381182579e-03 -1.471704469784359311e-03 -1.678533412772389641e-02 -1.796333963349517346e-03 -2.479516075347512703e-03 -1.796333963349517346e-03 -2.599656670566076726e-03 -1.001754873381182579e-03 -2.599656670566076726e-03 -4.350106157516707428e-03 -1.796333963349517346e-03 -1.582300387685856707e-02 -1.001754873381182579e-03 -8.155098137330620348e-03 -1.582300387685856707e-02 -2.195796389849818259e-02 -2.479516075347512703e-03 -7.123453632006352711e-03 -1.471704469784359311e-03 -1.001754873381182579e-03 -9.744405121099933287e-03 -1.083261701932860741e-02 -2.599656670566076726e-03 -1.001754873381182579e-03 -9.101398952586750926e-03 -8.155098137330620348e-03 -4.350106157516707428e-03 -4.350106157516707428e-03 -9.101398952586750926e-03 4.356498170022781759e-03 -1.001754873381182579e-03 -1.796333963349517346e-03 -2.599656670566076726e-03 -1.678533412772389641e-02 -1.083261701932860741e-02 -9.101398952586750926e-03 -7.123453632006352711e-03 -1.534449896974216486e-02 -1.471704469784359311e-03 -1.582300387685856707e-02 -1.796333963349517346e-03 -1.582300387685856707e-02 -7.123453632006352711e-03 -4.350106157516707428e-03 -2.479516075347512703e-03 -9.744405121099933287e-03 -7.123453632006352711e-03 -2.479516075347512703e-03 -7.123453632006352711e-03 -1.557344624569861717e-02 -9.744405121099933287e-03 -1.534449896974216486e-02 -2.599656670566076726e-03 4.356498170022781759e-03
-2.195796389849818259e-02 -1.534449896974216486e-02 -1.083261701932860741e-02 -9.744405121099933287e-03 -1.471704469784359311e-03 4.356498170022781759e-03 -1.582300387685856707e-02 -1.557344624569861717e-02 -1.796333963349517346e-03 -6.416960302596434219e-03 -7.565531710896611882e-03 -4.350106157516707428e-03 4.356498170022781759e-03 -1.678533412772389641e-02 -1.083261701932860741e-02 -1.001754873381182579e-03 -6.416960302596434219e-03 4.356498170022781759e-03 -9.744405121099933287e-03 -7.123453632006352711e-03 -9.101398952586750926e-03 -1.557344624569861717e-02 -1.001754873381182579e-03 -1.471704469784359311e-03 -1.471704469784359311e-03 -1.796333963349517346e-03 -6.416960302596434219e-03 -1.001754873381182579e-03 -1.083261701932860741e-02 -1.662698447929788700e-02 4.356498170022781759e-03 -1.534449896974216486e-02 -8.155098137330620348e-03 -1.083261701932860741e-02 -1.678533412772389641e-02 -1.582300387685856707e-02 -4.350106157516707428e-03 -2.195796389849818259e-02 -1.083261701932860741e-02 -1.083261701932860741e-02 -1.083261701932860741e-02 -9.744405121099933287e-03 -1.662698447929788700e-02 -1.582300387685856707e-02 -9.101398952586750926e-03 -7.565531710896611882e-03 -7.565531710896611882e-03 -2.479516075347512703e-03 -6.416960302596434219e-03 -6.416960302596434219e-03 -6.416960302596434219e-03 -7.565531710896611882e-03 -9.101398952586750926e-03 -1.557344624569861717e-02 -2.479516075347512703e-03 -1.796333963349517346e-03 -9.744405121099933287e-03 -2.195796389849818259e-02 -1.582300387685856707e-02 4.356498170022781759e-03 -1.557344624569861717e-02 -1.678533412772389641e-02 -1.083261701932860741e-02 -7.123453632006352711e-03 -9.101398952586750926e-03 -1.534449896974216486e-02 -1.796333963349517346e-03 -1.083261701932860741e-02 -2.195796389849818259e-02 -1.662698447929788700e-02 -2.195796389849818259e-02 -1.083261701932860741e-02 -1.796333963349517346e-03 -2.479516075347512703e-03 -1.662698447929788700e-02 -9.101398952586750926e-03 -4.350106157516707428e-03 -8.155098137330620348e-03 -7.123453632006352711e-03 -7.565531710896611882e-03 -1.662698447929788700e-02 -1.534449896974216486e-02 -1.796333963349517346e-03 -1.083261701932860741e-02 -2.479516075347512703e-03 -1.471704469784359311e-03 -2.195796389849818259e-02 -7.123453632006352711e-03 -8.155098137330620348e-03 -9.101398952586750926e-03 -1.678533412772389641e-02 -1.471704469784359311e-03 4.356498170022781759e-03 -7.565531710896611882e-03 -1.796333963349517346e-03 -2.195796389849818259e-02 -1.678533412772389641e-02 -7.123453632006352711e-03 -1.582300387685856707e-02 4.356498170022781759e-03 -9.744405121099933287e-03 -7.123453632006352711e-03 -1.796333963349517346e-03 -6.416960302596434219e-03 -6.416960302596434219e-03 -4.350106157516707428e-03 -4.350106157516707428e-03 -1.662698447929788700e-02 -1.557344624569861717e-02 -1.582300387685856707e-02 -4.350106157516707428e-03 -7.123453632006352711e-03 -6.416960302596434219e-03 -6.416960302596434219e-03 -2.195796389849818259e-02 -4.350106157516707428e-03 -1.083261701932860741e-02 -6.416960302596434219e-03 -1.582300387685856707e-02 -4.350106157516707428e-03 4.356498170022781759e-03 -7.123453632006352711e-03 -1.678533412772389641e-02 -1.471704469784359311e-03 -1.678533412772389641e-02 -9.744405121099933287e-03 -1.083261701932860741e-02 -8.155098137330620348e-03 -1.471704469784359311e-03 -1.083261701932860741e-02 -7.123453632006352711e-03 -6.416960302596434219e-03 -9.744405121099933287e-03 -7.123453632006352711e-03 -1.678533412772389641e-02 -7.565531710896611882e-03 -8.155098137330620348e-03 4.356498170022781759e-03 -7.123453632006352711e-03 -9.101398952586750926e-03 -1.534449896974216486e-02 -9.744405121099933287e-03 -1.471704469784359311e-03 -1.662698447929788700e-02 -7.123453632006352711e-03 -7.123453632006352711e-03 -7.123453632006352711e-03 -7.123453632006352711e-03 -8.155098137330620348e-03 -9.101398952586750926e-03 -4.350106157516707428e-03 -9.744405121099933287e-03 -1.582300387685856707e-02 -2.599656670566076726e-03 -1.083261701932860741e-02 -9.744405121099933287e-03 -2.599656670566076726e-03 -1.796333963349517346e-03 -2.599656670566076726e-03 -1.582300387685856707e-02 -1.662698447929788700e-02 4.356498170022781759e-03 -1.471704469784359311e-03 -1.083261701932860741e-02 -1.662698447929788700e-02 -1.534449896974216486e-02 -2.479516075347512703e-03 -9.744405121099933287e-03 -8.155098137330620348e-03 -4.350106157516707428e-03 -1.582300387685856707e-02 -1.662698447929788700e-02 -1.534449896974216486e-02 -1.557344624569861717e-02 -1.582300387685856707e-02 -1.083261701932860741e-02 4.356498170022781759e-03 -2.195796389849818259e-02 -6.416960302596434219e-03 -7.123453632006352711e-03 -4.350106157516707428e-03 -1.557344624569861717e-02 -2.195796389849818259e-02 -7.123453632006352711e-03 -1.796333963349517346e-03 -2.599656670566076726e-03 4.356498170022781759e-03 -2.195796389849818259e-02 -1.534449896974216486e-02 -7.565531710896611882e-03 -1.534449896974216486e-02 -1.083261701932860741e-02 -9.101398952586750926e-03 -1.001754873381182579e-03 -2.479516075347512703e-03 -4.350106157516707428e-03 -1.678533412772389641e-02 -6.416960302596434219e-03 -4.350106157516707428e-03 -1.001754873381182579e-03 -9.744405121099933287e-03 -7.123453632006352711e-03 -1.471704469784359311e-03 -1.001754873381182579e-03 -4.350106157516707428e-03 -2.599656670566076726e-03 -8.155098137330620348e-03 -8.155098137330620348e-03 -1.083261701932860741e-02 -1.582300387685856707e-02 -6.416960302596434219e-03 -1.796333963349517346e-03 -7.123453632006352711e-03 -4.350106157516707428e-03 -9.101398952586750926e-03 -1.582300387685856707e-02 -1.471704469784359311e-03 -1.001754873381182579e-03 -7.123453632006352711e-03 -1.678533412772389641e-02 -7.565531710896611882e-03 -1.083261701932860741e-02 -1.001754873381182579e-03 -8.155098137330620348e-03 -1.083261701932860741e-02 -1.557344624569861717e-02 -9.744405121099933287e-03 -1.662698447929788700e-02 4.356498170022781759e-03 -7.565531710896611882e-03 -2.195796389849818259e-02 -7.123453632006352711e-03 -2.599656670566076726e-03 -1.083261701932860741e-02 4.356498170022781759e-03 -1.083261701932860741e-02 -1.083261701932860741e-02 -9.101398952586750926e-03 -1.083261701932860741e-02 -1.796333963349517346e-03 -2.195796389849818259e-02 -2.479516075347512703e-03 -9.101398952586750926e-03 -1.662698447929788700e-02 -9.744405121099933287e-03 -1.083261701932860741e-02 -1.001754873381182579e-03 -1.471704469784359311e-03 -1.678533412772389641e-02 -1.796333963349517346e-03 -2.479516075347512703e-03 -1.796333963349517346e-03 -2.599656670566076726e-03 -1.001754873381182579e-03 -2.599656670566076726e-03 -4.350106157516707428e-03 -1.796333963349517346e-03 -1.582300387685856707e-02 -1.001754873381182579e-03 -8.155098137330620348e-03 -1.582300387685856707e-02 -2.195796389849818259e-02 -2.479516075347512703e-03 -7.123453632006352711e-03 -1.471704469784359311e-03 -1.001754873381182579e-03 -9.744405121099933287e-03 -1.083261701932860741e-02 -2.599656670566076726e-03 -1.001754873381182579e-03 -9.101398952586750926e-03 -8.155098137330620348e-03 -4.350106157516707428e-03 -4.350106157516707428e-03 -9.101398952586750926e-03 4.356498170022781759e-03 -1.001754873381182579e-03 -1.796333963349517346e-03 -2.599656670566076726e-03 -1.678533412772389641e-02 -1.083261701932860741e-02 -9.101398952586750926e-03 -7.123453632006352711e-03 -1.534449896974216486e-02 -1.471704469784359311e-03 -1.582300387685856707e-02 -1.796333963349517346e-03 -1.582300387685856707e-02 -7.123453632006352711e-03 -4.350106157516707428e-03 -2.479516075347512703e-03 -9.744405121099933287e-03 -7.123453632006352711e-03 -2.479516075347512703e-03 -7.123453632006352711e-03 -1.557344624569861717e-02 -9.744405121099933287e-03 -1.534449896974216486e-02 -2.599656670566076726e-03 4.356498170022781759e-03
-2.195796389849818259e-02 -1.534449896974216486e-02 -1.083261701932860741e-02 -9.744405121099933287e-03 -1.471704469784359311e-03 4.356498170022781759e-03 -1.582300387685856707e-02 -1.557344624569861717e-02 -1.796333963349517346e-03 -6.416960302596434219e-03 -7.565531710896611882e-03 -4.350106157516707428e-03 4.356498170022781759e-03 -1.678533412772389641e-02 -1.083261701932860741e-02 -1.001754873381182579e-03 -6.416960302596434219e-03 4.356498170022781759e-03 -9.744405121099933287e-03 -7.123453632006352711e-03 -9.101398952586750926e-03 -1.557344624569861717e-02 -1.001754873381182579e-03 -1.471704469784359311e-03 -1.471704469784359311e-03 -1.796333963349517346e-03 -6.416960302596434219e-03 -1.001754873381182579e-03 -1.083261701932860741e-02 -1.662698447929788700e-02 4.356498170022781759e-03 -1.534449896974216486e-02 -8.155098137330620348e-03 -1.083261701932860741e-02 -1.678533412772389641e-02 -1.582300387685856707e-02 -4.350106157516707428e-03 -2.195796389849818259e-02 -1.083261701932860741e-02 -1.083261701932860741e-02 -1.083261701932860741e-02 -9.744405121099933287e-03 -1.662698447929788700e-02 -1.582300387685856707e-02 -9.101398952586750926e-03 -7.565531710896611882e-03 -7.565531710896611882e-03 -2.479516075347512703e-03 -6.416960302596434219e-03 -6.416960302596434219e-03 -6.416960302596434219e-03 -7.565531710896611882e-03 -9.101398952586750926e-03 -1.557344624569861717e-02 -2.479516075347512703e-03 -1.796333963349517346e-03 -9.744405121099933287e-03 -2.195796389849818259e-02 -1.582300387685856707e-02 4.356498170022781759e-03 -1.557344624569861717e-02 -1.678533412772389641e-02 -1.083261701932860741e-02 -7.123453632006352711e-03 -9.101398952586750926e-03 -1.534449896974216486e-02 -1.796333963349517346e-03 -1.083261701932860741e-02 -2.195796389849818259e-02 -1.662698447929788700e-02 -2.195796389849818259e-02 -1.083261701932860741e-02 -1.796333963349517346e-03 -2.479516075347512703e-03 -1.662698447929788700e-02 -9.101398952586750926e-03 -4.350106157516707428e-03 -8.155098137330620348e-03 -7.123453632006352711e-03 -7.565531710896611882e-03 -1.662698447929788700e-02 -1.534449896974216486e-02 -1.796333963349517346e-03 -1.083261701932860741e-02 -2.479516075347512703e-03 -1.471704469784359311e-03 -2.195796389849818259e-02 -7.123453632006352711e-03 -8.155098137330620348e-03 -9.101398952586750926e-03 -1.678533412772389641e-02 -1.471704469784359311e-03 4.356498170022781759e-03 -7.565531710896611882e-03 -1.796333963349517346e-03 -2.195796389849818259e-02 -1.678533412772389641e-02 -7.123453632006352711e-03 -1.582300387685856707e-02 4.356498170022781759e-03 -9.744405121099933287e-03 -7.123453632006352711e-03 -1.796333963349517346e-03 -6.416960302596434219e-03 -6.416960302596434219e-03 -4.350106157516707428e-03 -4.350106157516707428e-03 -1.662698447929788700e-02 -1.557344624569861717e-02 -1.582300387685856707e-02 -4.350106157516707428e-03 -7.123453632006352711e-03 -6.416960302596434219e-03 -6.416960302596434219e-03 -2.195796389849818259e-02 -4.350106157516707428e-03 -1.083261701932860741e-02 -6.416960302596434219e-03 -1.582300387685856707e-02 -4.350106157516707428e-03 4.356498170022781759e-03 -7.123453632006352711e-03 -1.678533412772389641e-02 -1.471704469784359311e-03 -1.678533412772389641e-02 -9.744405121099933287e-03 -1.083261701932860741e-02 -8.155098137330620348e-03 -1.471704469784359311e-03 -1.083261701932860741e-02 -7.123453632006352711e-03 -6.416960302596434219e-03 -9.744405121099933287e-03 -7.123453632006352711e-03 -1.678533412772389641e-02 -7.565531710896611882e-03 -8.155098137330620348e-03 4.356498170022781759e-03 -7.123453632006352711e-03 -9.101398952586750926e-03 -1.534449896974216486e-02 -9.744405121099933287e-03 -1.471704469784359311e-03 -1.662698447929788700e-02 -7.123453632006352711e-03 -7.123453632006352711e-03 -7.123453632006352711e-03 -7.123453632006352711e-03 -8.155098137330620348e-03 -9.101398952586750926e-03 -4.350106157516707428e-03 -9.744405121099933287e-03 -1.582300387685856707e-02 -2.599656670566076726e-03 -1.083261701932860741e-02 -9.744405121099933287e-03 -2.599656670566076726e-03 -1.796333963349517346e-03 -2.599656670566076726e-03 -1.582300387685856707e-02 -1.662698447929788700e-02 4.356498170022781759e-03 -1.471704469784359311e-03 -1.083261701932860741e-02 -1.662698447929788700e-02 -1.534449896974216486e-02 -2.479516075347512703e-03 -9.744405121099933287e-03 -8.155098137330620348e-03 -4.350106157516707428e-03 -1.582300387685856707e-02 -1.662698447929788700e-02 -1.534449896974216486e-02 -1.557344624569861717e-02 -1.582300387685856707e-02 -1.083261701932860741e-02 4.356498170022781759e-03 -2.195796389849818259e-02 -6.416960302596434219e-03 -7.123453632006352711e-03 -4.350106157516707428e-03 -1.557344624569861717e-02 -2.195796389849818259e-02 -7.123453632006352711e-03 -1.796333963349517346e-03 -2.599656670566076726e-03 4.356498170022781759e-03 -2.195796389849818259e-02 -1.534449896974216486e-02 -7.565531710896611882e-03 -1.534449896974216486e-02 -1.083261701932860741e-02 -9.101398952586750926e-03 -1.001754873381182579e-03 -2.479516075347512703e-03 -4.350106157516707428e-03 -1.678533412772389641e-02 -6.416960302596434219e-03 -4.350106157516707428e-03 -1.001754873381182579e-03 -9.744405121099933287e-03 -7.123453632006352711e-03 -1.471704469784359311e-03 -1.001754873381182579e-03 -4.350106157516707428e-03 -2.599656670566076726e-03 -8.155098137330620348e-03 -8.155098137330620348e-03 -1.083261701932860741e-02 -1.582300387685856707e-02 -6.416960302596434219e-03 -1.796333963349517346e-03 -7.123453632006352711e-03 -4.350106157516707428e-03 -9.101398952586750926e-03 -1.582300387685856707e-02 -1.471704469784359311e-03 -1.001754873381182579e-03 -7.123453632006352711e-03 -1.678533412772389641e-02 -7.565531710896611882e-03 -1.083261701932860741e-02 -1.001754873381182579e-03 -8.155098137330620348e-03 -1.083261701932860741e-02 -1.557344624569861717e-02 -9.744405121099933287e-03 -1.662698447929788700e-02 4.356498170022781759e-03 -7.565531710896611882e-03 -2.195796389849818259e-02 -7.123453632006352711e-03 -2.599656670566076726e-03 -1.083261701932860741e-02 4.356498170022781759e-03 -1.083261701932860741e-02 -1.083261701932860741e-02 -9.101398952586750926e-03 -1.083261701932860741e-02 -1.796333963349517346e-03 -2.195796389849818259e-02 -2.479516075347512703e-03 -9.101398952586750926e-03 -1.662698447929788700e-02 -9.744405121099933287e-03 -1.083261701932860741e-02 -1.001754873381182579e-03 -1.471704469784359311e-03 -1.678533412772389641e-02 -1.796333963349517346e-03 -2.479516075347512703e-03 -1.796333963349517346e-03 -2.599656670566076726e-03 -1.001754873381182579e-03 -2.599656670566076726e-03 -4.350106157516707428e-03 -1.796333963349517346e-03 -1.582300387685856707e-02 -1.001754873381182579e-03 -8.155098137330620348e-03 -1.582300387685856707e-02 -2.195796389849818259e-02 -2.479516075347512703e-03 -7.123453632006352711e-03 -1.471704469784359311e-03 -1.001754873381182579e-03 -9.744405121099933287e-03 -1.083261701932860741e-02 -2.599656670566076726e-03 -1.001754873381182579e-03 -9.101398952586750926e-03 -8.155098137330620348e-03 -4.350106157516707428e-03 -4.350106157516707428e-03 -9.101398952586750926e-03 4.356498170022781759e-03 -1.001754873381182579e-03 -1.796333963349517346e-03 -2.599656670566076726e-03 -1.678533412772389641e-02 -1.083261701932860741e-02 -9.101398952586750926e-03 -7.123453632006352711e-03 -1.534449896974216486e-02 -1.471704469784359311e-03 -1.582300387685856707e-02 -1.796333963349517346e-03 -1.582300387685856707e-02 -7.123453632006352711e-03 -4.350106157516707428e-03 -2.479516075347512703e-03 -9.744405121099933287e-03 -7.123453632006352711e-03 -2.479516075347512703e-03 -7.123453632006352711e-03 -1.557344624569861717e-02 -9.744405121099933287e-03 -1.534449896974216486e-02 -2.599656670566076726e-03 4.356498170022781759e-03
-2.195796389849818259e-02 -1.534449896974216486e-02 -1.083261701932860741e-02 -9.744405121099933287e-03 -1.471704469784359311e-03 4.356498170022781759e-03 -1.582300387685856707e-02 -1.557344624569861717e-02 -1.796333963349517346e-03 -6.416960302596434219e-03 -7.565531710896611882e-03 -4.350106157516707428e-03 4.356498170022781759e-03 -1.678533412772389641e-02 -1.083261701932860741e-02 -1.001754873381182579e-03 -6.416960302596434219e-03 4.356498170022781759e-03 -9.744405121099933287e-03 -7.123453632006352711e-03 -9.101398952586750926e-03 -1.557344624569861717e-02 -1.001754873381182579e-03 -1.471704469784359311e-03 -1.471704469784359311e-03 -1.796333963349517346e-03 -6.416960302596434219e-03 -1.001754873381182579e-03 -1.083261701932860741e-02 -1.662698447929788700e-02 4.356498170022781759e-03 -1.534449896974216486e-02 -8.155098137330620348e-03 -1.083261701932860741e-02 -1.678533412772389641e-02 -1.582300387685856707e-02 -4.350106157516707428e-03 -2.195796389849818259e-02 -1.083261701932860741e-02 -1.083261701932860741e-02 -1.083261701932860741e-02 -9.744405121099933287e-03 -1.662698447929788700e-02 -1.582300387685856707e-02 -9.101398952586750926e-03 -7.565531710896611882e-03 -7.565531710896611882e-03 -2.479516075347512703e-03 -6.416960302596434219e-03 -6.416960302596434219e-03 -6.416960302596434219e-03 -7.565531710896611882e-03 -9.101398952586750926e-03 -1.557344624569861717e-02 -2.479516075347512703e-03 -1.796333963349517346e-03 -9.744405121099933287e-03 -2.195796389849818259e-02 -1.582300387685856707e-02 4.356498170022781759e-03 -1.557344624569861717e-02 -1.678533412772389641e-02 -1.083261701932860741e-02 -7.123453632006352711e-03 -9.101398952586750926e-03 -1.534449896974216486e-02 -1.796333963349517346e-03 -1.083261701932860741e-02 -2.195796389849818259e-02 -1.662698447929788700e-02 -2.195796389849818259e-02 -1.083261701932860741e-02 -1.796333963349517346e-03 -2.479516075347512703e-03 -1.662698447929788700e-02 -9.101398952586750926e-03 -4.350106157516707428e-03 -8.155098137330620348e-03 -7.123453632006352711e-03 -7.565531710896611882e-03 -1.662698447929788700e-02 -1.534449896974216486e-02 -1.796333963349517346e-03 -1.083261701932860741e-02 -2.479516075347512703e-03 -1.471704469784359311e-03 -2.195796389849818259e-02 -7.123453632006352711e-03 -8.155098137330620348e-03 -9.101398952586750926e-03 -1.678533412772389641e-02 -1.471704469784359311e-03 4.356498170022781759e-03 -7.565531710896611882e-03 -1.796333963349517346e-03 -2.195796389849818259e-02 -1.678533412772389641e-02 -7.123453632006352711e-03 -1.582300387685856707e-02 4.356498170022781759e-03 -9.744405121099933287e-03 -7.123453632006352711e-03 -1.796333963349517346e-03 -6.416960302596434219e-03 -6.416960302596434219e-03 -4.350106157516707428e-03 -4.350106157516707428e-03 -1.662698447929788700e-02 -1.557344624569861717e-02 -1.582300387685856707e-02 -4.350106157516707428e-03 -7.123453632006352711e-03 -6.416960302596434219e-03 -6.416960302596434219e-03 -2.195796389849818259e-02 -4.350106157516707428e-03 -1.083261701932860741e-02 -6.416960302596434219e-03 -1.582300387685856707e-02 -4.350106157516707428e-03 4.356498170022781759e-03 -7.123453632006352711e-03 -1.678533412772389641e-02 -1.471704469784359311e-03 -1.678533412772389641e-02 -9.744405121099933287e-03 -1.083261701932860741e-02 -8.155098137330620348e-03 -1.471704469784359311e-03 -1.083261701932860741e-02 -7.123453632006352711e-03 -6.416960302596434219e-03 -9.744405121099933287e-03 -7.123453632006352711e-03 -1.678533412772389641e-02 -7.565531710896611882e-03 -8.155098137330620348e-03 4.356498170022781759e-03 -7.123453632006352711e-03 -9.101398952586750926e-03 -1.534449896974216486e-02 -9.744405121099933287e-03 -1.471704469784359311e-03 -1.662698447929788700e-02 -7.123453632006352711e-03 -7.123453632006352711e-03 -7.123453632006352711e-03 -7.123453632006352711e-03 -8.155098137330620348e-03 -9.101398952586750926e-03 -4.350106157516707428e-03 -9.744405121099933287e-03 -1.582300387685856707e-02 -2.599656670566076726e-03 -1.083261701932860741e-02 -9.744405121099933287e-03 -2.599656670566076726e-03 -1.796333963349517346e-03 -2.599656670566076726e-03 -1.582300387685856707e-02 -1.662698447929788700e-02 4.356498170022781759e-03 -1.471704469784359311e-03 -1.083261701932860741e-02 -1.662698447929788700e-02 -1.534449896974216486e-02 -2.479516075347512703e-03 -9.744405121099933287e-03 -8.155098137330620348e-03 -4.350106157516707428e-03 -1.582300387685856707e-02 -1.662698447929788700e-02 -1.534449896974216486e-02 -1.557344624569861717e-02 -1.582300387685856707e-02 -1.083261701932860741e-02 4.356498170022781759e-03 -2.195796389849818259e-02 -6.416960302596434219e-03 -7.123453632006352711e-03 -4.350106157516707428e-03 -1.557344624569861717e-02 -2.195796389849818259e-02 -7.123453632006352711e-03 -1.796333963349517346e-03 -2.599656670566076726e-03 4.356498170022781759e-03 -2.195796389849818259e-02 -1.534449896974216486e-02 -7.565531710896611882e-03 -1.534449896974216486e-02 -1.083261701932860741e-02 -9.101398952586750926e-03 -1.001754873381182579e-03 -2.479516075347512703e-03 -4.350106157516707428e-03 -1.678533412772389641e-02 -6.416960302596434219e-03 -4.350106157516707428e-03 -1.001754873381182579e-03 -9.744405121099933287e-03 -7.123453632006352711e-03 -1.471704469784359311e-03 -1.001754873381182579e-03 -4.350106157516707428e-03 -2.599656670566076726e-03 -8.155098137330620348e-03 -8.155098137330620348e-03 -1.083261701932860741e-02 -1.582300387685856707e-02 -6.416960302596434219e-03 -1.796333963349517346e-03 -7.123453632006352711e-03 -4.350106157516707428e-03 -9.101398952586750926e-03 -1.582300387685856707e-02 -1.471704469784359311e-03 -1.001754873381182579e-03 -7.123453632006352711e-03 -1.678533412772389641e-02 -7.565531710896611882e-03 -1.083261701932860741e-02 -1.001754873381182579e-03 -8.155098137330620348e-03 -1.083261701932860741e-02 -1.557344624569861717e-02 -9.744405121099933287e-03 -1.662698447929788700e-02 4.356498170022781759e-03 -7.565531710896611882e-03 -2.195796389849818259e-02 -7.123453632006352711e-03 -2.599656670566076726e-03 -1.083261701932860741e-02 4.356498170022781759e-03 -1.083261701932860741e-02 -1.083261701932860741e-02 -9.101398952586750926e-03 -1.083261701932860741e-02 -1.796333963349517346e-03 -2.195796389849818259e-02 -2.479516075347512703e-03 -9.101398952586750926e-03 -1.662698447929788700e-02 -9.744405121099933287e-03 -1.083261701932860741e-02 -1.001754873381182579e-03 -1.471704469784359311e-03 -1.678533412772389641e-02 -1.796333963349517346e-03 -2.479516075347512703e-03 -1.796333963349517346e-03 -2.599656670566076726e-03 -1.001754873381182579e-03 -2.599656670566076726e-03 -4.350106157516707428e-03 -1.796333963349517346e-03 -1.582300387685856707e-02 -1.001754873381182579e-03 -8.155098137330620348e-03 -1.582300387685856707e-02 -2.195796389849818259e-02 -2.479516075347512703e-03 -7.123453632006352711e-03 -1.471704469784359311e-03 -1.001754873381182579e-03 -9.744405121099933287e-03 -1.083261701932860741e-02 -2.599656670566076726e-03 -1.001754873381182579e-03 -9.101398952586750926e-03 -8.155098137330620348e-03 -4.350106157516707428e-03 -4.350106157516707428e-03 -9.101398952586750926e-03 4.356498170022781759e-03 -1.001754873381182579e-03 -1.796333963349517346e-03 -2.599656670566076726e-03 -1.678533412772389641e-02 -1.083261701932860741e-02 -9.101398952586750926e-03 -7.123453632006352711e-03 -1.534449896974216486e-02 -1.471704469784359311e-03 -1.582300387685856707e-02 -1.796333963349517346e-03 -1.582300387685856707e-02 -7.123453632006352711e-03 -4.350106157516707428e-03 -2.479516075347512703e-03 -9.744405121099933287e-03 -7.123453632006352711e-03 -2.479516075347512703e-03 -7.123453632006352711e-03 -1.557344624569861717e-02 -9.744405121099933287e-03 -1.534449896974216486e-02 -2.599656670566076726e-03 4.356498170022781759e-03
-2.195796389849818259e-02 -1.534449896974216486e-02 -1.083261701932860741e-02 -9.744405121099933287e-03 -1.471704469784359311e-03 4.356498170022781759e-03 -1.582300387685856707e-02 -1.557344624569861717e-02 -1.796333963349517346e-03 -6.416960302596434219e-03 -7.565531710896611882e-03 -4.350106157516707428e-03 4.356498170022781759e-03 -1.678533412772389641e-02 -1.083261701932860741e-02 -1.001754873381182579e-03 -6.416960302596434219e-03 4.356498170022781759e-03 -9.744405121099933287e-03 -7.123453632006352711e-03 -9.101398952586750926e-03 -1.557344624569861717e-02 -1.001754873381182579e-03 -1.471704469784359311e-03 -1.471704469784359311e-03 -1.796333963349517346e-03 -6.416960302596434219e-03 -1.001754873381182579e-03 -1.083261701932860741e-02 -1.662698447929788700e-02 4.356498170022781759e-03 -1.534449896974216486e-02 -8.155098137330620348e-03 -1.083261701932860741e-02 -1.678533412772389641e-02 -1.582300387685856707e-02 -4.350106157516707428e-03 -2.195796389849818259e-02 -1.083261701932860741e-02 -1.083261701932860741e-02 -1.083261701932860741e-02 -9.744405121099933287e-03 -1.662698447929788700e-02 -1.582300387685856707e-02 -9.101398952586750926e-03 -7.565531710896611882e-03 -7.565531710896611882e-03 -2.479516075347512703e-03 -6.416960302596434219e-03 -6.416960302596434219e-03 -6.416960302596434219e-03 -7.565531710896611882e-03 -9.101398952586750926e-03 -1.557344624569861717e-02 -2.479516075347512703e-03 -1.796333963349517346e-03 -9.744405121099933287e-03 -2.195796389849818259e-02 -1.582300387685856707e-02 4.356498170022781759e-03 -1.557344624569861717e-02 -1.678533412772389641e-02 -1.083261701932860741e-02 -7.123453632006352711e-03 -9.101398952586750926e-03 -1.534449896974216486e-02 -1.796333963349517346e-03 -1.083261701932860741e-02 -2.195796389849818259e-02 -1.662698447929788700e-02 -2.195796389849818259e-02 -1.083261701932860741e-02 -1.796333963349517346e-03 -2.479516075347512703e-03 -1.662698447929788700e-02 -9.101398952586750926e-03 -4.350106157516707428e-03 -8.155098137330620348e-03 -7.123453632006352711e-03 -7.565531710896611882e-03 -1.662698447929788700e-02 -1.534449896974216486e-02 -1.796333963349517346e-03 -1.083261701932860741e-02 -2.479516075347512703e-03 -1.471704469784359311e-03 -2.195796389849818259e-02 -7.123453632006352711e-03 -8.155098137330620348e-03 -9.101398952586750926e-03 -1.678533412772389641e-02 -1.471704469784359311e-03 4.356498170022781759e-03 -7.565531710896611882e-03 -1.796333963349517346e-03 -2.195796389849818259e-02 -1.678533412772389641e-02 -7.123453632006352711e-03 -1.582300387685856707e-02 4.356498170022781759e-03 -9.744405121099933287e-03 -7.123453632006352711e-03 -1.796333963349517346e-03 -6.416960302596434219e-03 -6.416960302596434219e-03 -4.350106157516707428e-03 -4.350106157516707428e-03 -1.662698447929788700e-02 -1.557344624569861717e-02 -1.582300387685856707e-02 -4.350106157516707428e-03 -7.123453632006352711e-03 -6.416960302596434219e-03 -6.416960302596434219e-03 -2.195796389849818259e-02 -4.350106157516707428e-03 -1.083261701932860741e-02 -6.416960302596434219e-03 -1.582300387685856707e-02 -4.350106157516707428e-03 4.356498170022781759e-03 -7.123453632006352711e-03 -1.678533412772389641e-02 -1.471704469784359311e-03 -1.678533412772389641e-02 -9.744405121099933287e-03 -1.083261701932860741e-02 -8.155098137330620348e-03 -1.471704469784359311e-03 -1.083261701932860741e-02 -7.123453632006352711e-03 -6.416960302596434219e-03 -9.744405121099933287e-03 -7.123453632006352711e-03 -1.678533412772389641e-02 -7.565531710896611882e-03 -8.155098137330620348e-03 4.356498170022781759e-03 -7.123453632006352711e-03 -9.101398952586750926e-03 -1.534449896974216486e-02 -9.744405121099933287e-03 -1.471704469784359311e-03 -1.662698447929788700e-02 -7.123453632006352711e-03 -7.123453632006352711e-03 -7.123453632006352711e-03 -7.123453632006352711e-03 -8.155098137330620348e-03 -9.101398952586750926e-03 -4.350106157516707428e-03 -9.744405121099933287e-03 -1.582300387685856707e-02 -2.599656670566076726e-03 -1.083261701932860741e-02 -9.744405121099933287e-03 -2.599656670566076726e-03 -1.796333963349517346e-03 -2.599656670566076726e-03 -1.582300387685856707e-02 -1.662698447929788700e-02 4.356498170022781759e-03 -1.471704469784359311e-03 -1.083261701932860741e-02 -1.662698447929788700e-02 -1.534449896974216486e-02 -2.479516075347512703e-03 -9.744405121099933287e-03 -8.155098137330620348e-03 -4.350106157516707428e-03 -1.582300387685856707e-02 -1.662698447929788700e-02 -1.534449896974216486e-02 -1.557344624569861717e-02 -1.582300387685856707e-02 -1.083261701932860741e-02 4.356498170022781759e-03 -2.195796389849818259e-02 -6.416960302596434219e-03 -7.123453632006352711e-03 -4.350106157516707428e-03 -1.557344624569861717e-02 -2.195796389849818259e-02 -7.123453632006352711e-03 -1.796333963349517346e-03 -2.599656670566076726e-03 4.356498170022781759e-03 -2.195796389849818259e-02 -1.534449896974216486e-02 -7.565531710896611882e-03 -1.534449896974216486e-02 -1.083261701932860741e-02 -9.101398952586750926e-03 -1.001754873381182579e-03 -2.479516075347512703e-03 -4.350106157516707428e-03 -1.678533412772389641e-02 -6.416960302596434219e-03 -4.350106157516707428e-03 -1.001754873381182579e-03 -9.744405121099933287e-03 -7.123453632006352711e-03 -1.471704469784359311e-03 -1.001754873381182579e-03 -4.350106157516707428e-03 -2.599656670566076726e-03 -8.155098137330620348e-03 -8.155098137330620348e-03 -1.083261701932860741e-02 -1.582300387685856707e-02 -6.416960302596434219e-03 -1.796333963349517346e-03 -7.123453632006352711e-03 -4.350106157516707428e-03 -9.101398952586750926e-03 -1.582300387685856707e-02 -1.471704469784359311e-03 -1.001754873381182579e-03 -7.123453632006352711e-03 -1.678533412772389641e-02 -7.565531710896611882e-03 -1.083261701932860741e-02 -1.001754873381182579e-03 -8.155098137330620348e-03 -1.083261701932860741e-02 -1.557344624569861717e-02 -9.744405121099933287e-03 -1.662698447929788700e-02 4.356498170022781759e-03 -7.565531710896611882e-03 -2.195796389849818259e-02 -7.123453632006352711e-03 -2.599656670566076726e-03 -1.083261701932860741e-02 4.356498170022781759e-03 -1.083261701932860741e-02 -1.083261701932860741e-02 -9.101398952586750926e-03 -1.083261701932860741e-02 -1.796333963349517346e-03 -2.195796389849818259e-02 -2.479516075347512703e-03 -9.101398952586750926e-03 -1.662698447929788700e-02 -9.744405121099933287e-03 -1.083261701932860741e-02 -1.001754873381182579e-03 -1.471704469784359311e-03 -1.678533412772389641e-02 -1.796333963349517346e-03 -2.479516075347512703e-03 -1.796333963349517346e-03 -2.599656670566076726e-03 -1.001754873381182579e-03 -2.599656670566076726e-03 -4.350106157516707428e-03 -1.796333963349517346e-03 -1.582300387685856707e-02 -1.001754873381182579e-03 -8.155098137330620348e-03 -1.582300387685856707e-02 -2.195796389849818259e-02 -2.479516075347512703e-03 -7.123453632006352711e-03 -1.471704469784359311e-03 -1.001754873381182579e-03 -9.744405121099933287e-03 -1.083261701932860741e-02 -2.599656670566076726e-03 -1.001754873381182579e-03 -9.101398952586750926e-03 -8.155098137330620348e-03 -4.350106157516707428e-03 -4.350106157516707428e-03 -9.101398952586750926e-03 4.356498170022781759e-03 -1.001754873381182579e-03 -1.796333963349517346e-03 -2.599656670566076726e-03 -1.678533412772389641e-02 -1.083261701932860741e-02 -9.101398952586750926e-03 -7.123453632006352711e-03 -1.534449896974216486e-02 -1.471704469784359311e-03 -1.582300387685856707e-02 -1.796333963349517346e-03 -1.582300387685856707e-02 -7.123453632006352711e-03 -4.350106157516707428e-03 -2.479516075347512703e-03 -9.744405121099933287e-03 -7.123453632006352711e-03 -2.479516075347512703e-03 -7.123453632006352711e-03 -1.557344624569861717e-02 -9.744405121099933287e-03 -1.534449896974216486e-02 -2.599656670566076726e-03 4.356498170022781759e-03
-2.195796389849818259e-02 -1.534449896974216486e-02 -1.083261701932860741e-02 -9.744405121099933287e-03 -1.471704469784359311e-03 4.356498170022781759e-03 -1.582300387685856707e-02 -1.557344624569861717e-02 -1.796333963349517346e-03 -6.416960302596434219e-03 -7.565531710896611882e-03 -4.350106157516707428e-03 4.356498170022781759e-03 -1.678533412772389641e-02 -1.083261701932860741e-02 -1.001754873381182579e-03 -6.416960302596434219e-03 4.356498170022781759e-03 -9.744405121099933287e-03 -7.123453632006352711e-03 -9.101398952586750926e-03 -1.557344624569861717e-02 -1.001754873381182579e-03 -1.471704469784359311e-03 -1.471704469784359311e-03 -1.796333963349517346e-03 -6.416960302596434219e-03 -1.001754873381182579e-03 -1.083261701932860741e-02 -1.662698447929788700e-02 4.356498170022781759e-03 -1.534449896974216486e-02 -8.155098137330620348e-03 -1.083261701932860741e-02 -1.678533412772389641e-02 -1.582300387685856707e-02 -4.350106157516707428e-03 -2.195796389849818259e-02 -1.083261701932860741e-02 -1.083261701932860741e-02 -1.083261701932860741e-02 -9.744405121099933287e-03 -1.662698447929788700e-02 -1.582300387685856707e-02 -9.101398952586750926e-03 -7.565531710896611882e-03 -7.565531710896611882e-03 -2.479516075347512703e-03 -6.416960302596434219e-03 -6.416960302596434219e-03 -6.416960302596434219e-03 -7.565531710896611882e-03 -9.101398952586750926e-03 -1.557344624569861717e-02 -2.479516075347512703e-03 -1.796333963349517346e-03 -9.744405121099933287e-03 -2.195796389849818259e-02 -1.582300387685856707e-02 4.356498170022781759e-03 -1.557344624569861717e-02 -1.678533412772389641e-02 -1.083261701932860741e-02 -7.123453632006352711e-03 -9.101398952586750926e-03 -1.534449896974216486e-02 -1.796333963349517346e-03 -1.083261701932860741e-02 -2.195796389849818259e-02 -1.662698447929788700e-02 -2.195796389849818259e-02 -1.083261701932860741e-02 -1.796333963349517346e-03 -2.479516075347512703e-03 -1.662698447929788700e-02 -9.101398952586750926e-03 -4.350106157516707428e-03 -8.155098137330620348e-03 -7.123453632006352711e-03 -7.565531710896611882e-03 -1.662698447929788700e-02 -1.534449896974216486e-02 -1.796333963349517346e-03 -1.083261701932860741e-02 -2.479516075347512703e-03 -1.471704469784359311e-03 -2.195796389849818259e-02 -7.123453632006352711e-03 -8.155098137330620348e-03 -9.101398952586750926e-03 -1.678533412772389641e-02 -1.471704469784359311e-03 4.356498170022781759e-03 -7.565531710896611882e-03 -1.796333963349517346e-03 -2.195796389849818259e-02 -1.678533412772389641e-02 -7.123453632006352711e-03 -1.582300387685856707e-02 4.356498170022781759e-03 -9.744405121099933287e-03 -7.123453632006352711e-03 -1.796333963349517346e-03 -6.416960302596434219e-03 -6.416960302596434219e-03 -4.350106157516707428e-03 -4.350106157516707428e-03 -1.662698447929788700e-02 -1.557344624569861717e-02 -1.582300387685856707e-02 -4.350106157516707428e-03 -7.123453632006352711e-03 -6.416960302596434219e-03 -6.416960302596434219e-03 -2.195796389849818259e-02 -4.350106157516707428e-03 -1.083261701932860741e-02 -6.416960302596434219e-03 -1.582300387685856707e-02 -4.350106157516707428e-03 4.356498170022781759e-03 -7.123453632006352711e-03 -1.678533412772389641e-02 -1.471704469784359311e-03 -1.678533412772389641e-02 -9.744405121099933287e-03 -1.083261701932860741e-02 -8.155098137330620348e-03 -1.471704469784359311e-03 -1.083261701932860741e-02 -7.123453632006352711e-03 -6.416960302596434219e-03 -9.744405121099933287e-03 -7.123453632006352711e-03 -1.678533412772389641e-02 -7.565531710896611882e-03 -8.155098137330620348e-03 4.356498170022781759e-03 -7.123453632006352711e-03 -9.101398952586750926e-03 -1.534449896974216486e-02 -9.744405121099933287e-03 -1.471704469784359311e-03 -1.662698447929788700e-02 -7.123453632006352711e-03 -7.123453632006352711e-03 -7.123453632006352711e-03 -7.123453632006352711e-03 -8.155098137330620348e-03 -9.101398952586750926e-03 -4.350106157516707428e-03 -9.744405121099933287e-03 -1.582300387685856707e-02 -2.599656670566076726e-03 -1.083261701932860741e-02 -9.744405121099933287e-03 -2.599656670566076726e-03 -1.796333963349517346e-03 -2.599656670566076726e-03 -1.582300387685856707e-02 -1.662698447929788700e-02 4.356498170022781759e-03 -1.471704469784359311e-03 -1.083261701932860741e-02 -1.662698447929788700e-02 -1.534449896974216486e-02 -2.479516075347512703e-03 -9.744405121099933287e-03 -8.155098137330620348e-03 -4.350106157516707428e-03 -1.582300387685856707e-02 -1.662698447929788700e-02 -1.534449896974216486e-02 -1.557344624569861717e-02 -1.582300387685856707e-02 -1.083261701932860741e-02 4.356498170022781759e-03 -2.195796389849818259e-02 -6.416960302596434219e-03 -7.123453632006352711e-03 -4.350106157516707428e-03 -1.557344624569861717e-02 -2.195796389849818259e-02 -7.123453632006352711e-03 -1.796333963349517346e-03 -2.599656670566076726e-03 4.356498170022781759e-03 -2.195796389849818259e-02 -1.534449896974216486e-02 -7.565531710896611882e-03 -1.534449896974216486e-02 -1.083261701932860741e-02 -9.101398952586750926e-03 -1.001754873381182579e-03 -2.479516075347512703e-03 -4.350106157516707428e-03 -1.678533412772389641e-02 -6.416960302596434219e-03 -4.350106157516707428e-03 -1.001754873381182579e-03 -9.744405121099933287e-03 -7.123453632006352711e-03 -1.471704469784359311e-03 -1.001754873381182579e-03 -4.350106157516707428e-03 -2.599656670566076726e-03 -8.155098137330620348e-03 -8.155098137330620348e-03 -1.083261701932860741e-02 -1.582300387685856707e-02 -6.416960302596434219e-03 -1.796333963349517346e-03 -7.123453632006352711e-03 -4.350106157516707428e-03 -9.101398952586750926e-03 -1.582300387685856707e-02 -1.471704469784359311e-03 -1.001754873381182579e-03 -7.123453632006352711e-03 -1.678533412772389641e-02 -7.565531710896611882e-03 -1.083261701932860741e-02 -1.001754873381182579e-03 -8.155098137330620348e-03 -1.083261701932860741e-02 -1.557344624569861717e-02 -9.744405121099933287e-03 -1.662698447929788700e-02 4.356498170022781759e-03 -7.565531710896611882e-03 -2.195796389849818259e-02 -7.123453632006352711e-03 -2.599656670566076726e-03 -1.083261701932860741e-02 4.356498170022781759e-03 -1.083261701932860741e-02 -1.083261701932860741e-02 -9.101398952586750926e-03 -1.083261701932860741e-02 -1.796333963349517346e-03 -2.195796389849818259e-02 -2.479516075347512703e-03 -9.101398952586750926e-03 -1.662698447929788700e-02 -9.744405121099933287e-03 -1.083261701932860741e-02 -1.001754873381182579e-03 -1.471704469784359311e-03 -1.678533412772389641e-02 -1.796333963349517346e-03 -2.479516075347512703e-03 -1.796333963349517346e-03 -2.599656670566076726e-03 -1.001754873381182579e-03 -2.599656670566076726e-03 -4.350106157516707428e-03 -1.796333963349517346e-03 -1.582300387685856707e-02 -1.001754873381182579e-03 -8.155098137330620348e-03 -1.582300387685856707e-02 -2.195796389849818259e-02 -2.479516075347512703e-03 -7.123453632006352711e-03 -1.471704469784359311e-03 -1.001754873381182579e-03 -9.744405121099933287e-03 -1.083261701932860741e-02 -2.599656670566076726e-03 -1.001754873381182579e-03 -9.101398952586750926e-03 -8.155098137330620348e-03 -4.350106157516707428e-03 -4.350106157516707428e-03 -9.101398952586750926e-03 4.356498170022781759e-03 -1.001754873381182579e-03 -1.796333963349517346e-03 -2.599656670566076726e-03 -1.678533412772389641e-02 -1.083261701932860741e-02 -9.101398952586750926e-03 -7.123453632006352711e-03 -1.534449896974216486e-02 -1.471704469784359311e-03 -1.582300387685856707e-02 -1.796333963349517346e-03 -1.582300387685856707e-02 -7.123453632006352711e-03 -4.350106157516707428e-03 -2.479516075347512703e-03 -9.744405121099933287e-03 -7.123453632006352711e-03 -2.479516075347512703e-03 -7.123453632006352711e-03 -1.557344624569861717e-02 -9.744405121099933287e-03 -1.534449896974216486e-02 -2.599656670566076726e-03 4.356498170022781759e-03
-1.372260973269472453e-02 -8.455222405174695963e-03 2.711475669241952737e-03 2.070040626415622378e-04 9.662962950887636626e-03 1.309267867799667612e-02 -8.032086376907254452e-03 -1.033457368369887323e-02 8.025062211353821071e-03 3.795663012225367755e-03 -1.238382257557082977e-03 5.028627996106459393e-03 1.309267867799667612e-02 -9.908317216855134363e-03 2.711475669241952737e-03 7.290278398261288394e-03 3.795663012225367755e-03 1.309267867799667612e-02 2.070040626415622378e-04 4.719485813013799339e-03 -1.172062775719858547e-03 -1.033457368369887323e-02 7.290278398261288394e-03 9.662962950887636626e-03 9.662962950887636626e-03 8.025062211353821071e-03 3.795663012225367755e-03 7.290278398261288394e-03 2.711475669241952737e-03 -1.063966396292292255e-02 1.309267867799667612e-02 -8.455222405174695963e-03 3.999472101288025286e-03 2.711475669241952737e-03 -9.908317216855134363e-03 -8.032086376907254452e-03 5.028627996106459393e-03 -1.372260973269472453e-02 2.711475669241952737e-03 2.711475669241952737e-03 2.711475669241952737e-03 2.070040626415622378e-04 -1.063966396292292255e-02 -8.032086376907254452e-03 -1.172062775719858547e-03 -1.238382257557082977e-03 -1.238382257557082977e-03 4.128418714671336018e-03 3.795663012225367755e-03 3.795663012225367755e-03 3.795663012225367755e-03 -1.238382257557082977e-03 -1.172062775719858547e-03 -1.033457368369887323e-02 4.128418714671336018e-03 8.025062211353821071e-03 2.070040626415622378e-04 -1.372260973269472453e-02 -8.032086376907254452e-03 1.309267867799667612e-02 -1.033457368369887323e-02 -9.908317216855134363e-03 2.711475669241952737e-03 4.719485813013799339e-03 -1.172062775719858547e-03 -8.455222405174695963e-03 8.025062211353821071e-03 2.711475669241952737e-03 -1.372260973269472453e-02 -1.063966396292292255e-02 -1.372260973269472453e-02 2.711475669241952737e-03 8.025062211353821071e-03 4.128418714671336018e-03 -1.063966396292292255e-02 -1.172062775719858547e-03 5.028627996106459393e-03 3.999472101288025286e-03 4.719485813013799339e-03 -1.238382257557082977e-03 -1.063966396292292255e-02 -8.455222405174695963e-03 8.025062211353821071e-03 2.711475669241952737e-03 4.128418714671336018e-03 9.662962950887636626e-03 -1.372260973269472453e-02 4.719485813013799339e-03 3.999472101288025286e-03 -1.172062775719858547e-03 -9.908317216855134363e-03 9.662962950887636626e-03 1.309267867799667612e-02 -1.238382257557082977e-03 8.025062211353821071e-03 -1.372260973269472453e-02 -9.908317216855134363e-03 4.719485813013799339e-03 -8.032086376907254452e-03 1.309267867799667612e-02 2.070040626415622378e-04 4.719485813013799339e-03 8.025062211353821071e-03 3.795663012225367755e-03 3.795663012225367755e-03 5.028627996106459393e-03 5.028627996106459393e-03 -1.063966396292292255e-02 -1.033457368369887323e-02 -8.032086376907254452e-03 5.028627996106459393e-03 4.719485813013799339e-03 3.795663012225367755e-03 3.795663012225367755e-03 -1.372260973269472453e-02 5.028627996106459393e-03 2.711475669241952737e-03 3.795663012225367755e-03 -8.032086376907254452e-03 5.028627996106459393e-03 1.309267867799667612e-02 4.719485813013799339e-03 -9.908317216855134363e-03 9.662962950887636626e-03 -9.908317216855134363e-03 2.070040626415622378e-04 2.711475669241952737e-03 3.999472101288025286e-03 9.662962950887636626e-03 2.711475669241952737e-03 4.719485813013799339e-03 3.795663012225367755e-03 2.070040626415622378e-04 4.719485813013799339e-03 -9.908317216855134363e-03 -1.238382257557082977e-03 3.999472101288025286e-03 1.309267867799667612e-02 4.719485813013799339e-03 -1.172062775719858547e-03 -8.455222405174695963e-03 2.070040626415622378e-04 9.662962950887636626e-03 -1.063966396292292255e-02 4.719485813013799339e-03 4.719485813013799339e-03 4.719485813013799339e-03 4.719485813013799339e-03 3.999472101288025286e-03 -1.172062775719858547e-03 5.028627996106459393e-03 2.070040626415622378e-04 -8.032086376907254452e-03 7.365530005875892995e-03 2.711475669241952737e-03 2.070040626415622378e-04 7.365530005875892995e-03 8.025062211353821071e-03 7.365530005875892995e-03 -8.032086376907254452e-03 -1.063966396292292255e-02 1.309267867799667612e-02 9.662962950887636626e-03 2.711475669241952737e-03 -1.063966396292292255e-02 -8.455222405174695963e-03 4.128418714671336018e-03 2.070040626415622378e-04 3.999472101288025286e-03 5.028627996106459393e-03 -8.032086376907254452e-03 -1.063966396292292255e-02 -8.455222405174695963e-03 -1.033457368369887323e-02 -8.032086376907254452e-03 2.711475669241952737e-03 1.309267867799667612e-02 -1.372260973269472453e-02 3.795663012225367755e-03 4.719485813013799339e-03 5.028627996106459393e-03 -1.033457368369887323e-02 -1.372260973269472453e-02 4.719485813013799339e-03 8.025062211353821071e-03 7.365530005875892995e-03 1.309267867799667612e-02 -1.372260973269472453e-02 -8.455222405174695963e-03 -1.238382257557082977e-03 -8.455222405174695963e-03 2.711475669241952737e-03 -1.172062775719858547e-03 7.290278398261288394e-03 4.128418714671336018e-03 5.028627996106459393e-03 -9.908317216855134363e-03 3.795663012225367755e-03 5.028627996106459393e-03 7.290278398261288394e-03 2.070040626415622378e-04 4.719485813013799339e-03 9.662962950887636626e-03 7.290278398261288394e-03 5.028627996106459393e-03 7.365530005875892995e-03 3.999472101288025286e-03 3.999472101288025286e-03 2.711475669241952737e-03 -8.032086376907254452e-03 3.795663012225367755e-03 8.025062211353821071e-03 4.719485813013799339e-03 5.028627996106459393e-03 -1.172062775719858547e-03 -8.032086376907254452e-03 9.662962950887636626e-03 7.290278398261288394e-03 4.719485813013799339e-03 -9.908317216855134363e-03 -1.238382257557082977e-03 2.711475669241952737e-03 7.290278398261288394e-03 3.999472101288025286e-03 2.711475669241952737e-03 -1.033457368369887323e-02 2.070040626415622378e-04 -1.063966396292292255e-02 1.309267867799667612e-02 -1.238382257557082977e-03 -1.372260973269472453e-02 4.719485813013799339e-03 7.365530005875892995e-03 2.711475669241952737e-03 1.309267867799667612e-02 2.711475669241952737e-03 2.711475669241952737e-03 -1.172062775719858547e-03 2.711475669241952737e-03 8.025062211353821071e-03 -1.372260973269472453e-02 4.128418714671336018e-03 -1.172062775719858547e-03 -1.063966396292292255e-02 2.070040626415622378e-04 2.711475669241952737e-03 7.290278398261288394e-03 9.662962950887636626e-03 -9.908317216855134363e-03 8.025062211353821071e-03 4.128418714671336018e-03 8.025062211353821071e-03 7.365530005875892995e-03 7.290278398261288394e-03 7.365530005875892995e-03 5.028627996106459393e-03 8.025062211353821071e-03 -8.032086376907254452e-03 7.290278398261288394e-03 3.999472101288025286e-03 -8.032086376907254452e-03 -1.372260973269472453e-02 4.128418714671336018e-03 4.719485813013799339e-03 9.662962950887636626e-03 7.290278398261288394e-03 2.070040626415622378e-04 2.711475669241952737e-03 7.365530005875892995e-03 7.290278398261288394e-03 -1.172062775719858547e-03 3.999472101288025286e-03 5.028627996106459393e-03 5.028627996106459393e-03 -1.172062775719858547e-03 1.309267867799667612e-02 7.290278398261288394e-03 8.025062211353821071e-03 7.365530005875892995e-03 -9.908317216855134363e-03 2.711475669241952737e-03 -1.172062775719858547e-03 4.719485813013799339e-03 -8.455222405174695963e-03 9.662962950887636626e-03 -8.032086376907254452e-03 8.025062211353821071e-03 -8.032086376907254452e-03 4.719485813013799339e-03 5.028627996106459393e-03 4.128418714671336018e-03 2.070040626415622378e-04 4.719485813013799339e-03 4.128418714671336018e-03 4.719485813013799339e-03 -1.033457368369887323e-02 2.070040626415622378e-04 -8.455222405174695963e-03 7.365530005875892995e-03 1.309267867799667612e-02
-1.372260973269472453e-02 -8.455222405174695963e-03 2.711475669241952737e-03 2.070040626415622378e-04 9.662962950887636626e-03 1.309267867799667612e-02 -8.032086376907254452e-03 -1.033457368369887323e-02 8.025062211353821071e-03 3.795663012225367755e-03 -1.238382257557082977e-03 5.028627996106459393e-03 1.309267867799667612e-02 -9.908317216855134363e-03 2.711475669241952737e-03 7.290278398261288394e-03 3.795663012225367755e-03 1.309267867799667612e-02 2.070040626415622378e-04 4.719485813013799339e-03 -1.172062775719858547e-03 -1.033457368369887323e-02 7.290278398261288394e-03 9.662962950887636626e-03 9.662962950887636626e-03 8.025062211353821071e-03 3.795663012225367755e-03 7.290278398261288394e-03 2.711475669241952737e-03 -1.063966396292292255e-02 1.309267867799667612e-02 -8.455222405174695963e-03 3.999472101288025286e-03 2.711475669241952737e-03 -9.908317216855134363e-03 -8.032086376907254452e-03 5.028627996106459393e-03 -1.372260973269472453e-02 2.711475669241952737e-03 2.711475669241952737e-03 2.711475669241952737e-03 2.070040626415622378e-04 -1.063966396292292255e-02 -8.032086376907254452e-03 -1.172062775719858547e-03 -1.238382257557082977e-03 -1.238382257557082977e-03 4.128418714671336018e-03 3.795663012225367755e-03 3.795663012225367755e-03 3.795663012225367755e-03 -1.238382257557082977e-03 -1.172062775719858547e-03 -1.033457368369887323e-02 4.128418714671336018e-03 8.025062211353821071e-03 2.070040626415622378e-04 -1.372260973269472453e-02 -8.032086376907254452e-03 1.309267867799667612e-02 -1.033457368369887323e-02 -9.908317216855134363e-03 2.711475669241952737e-03 4.719485813013799339e-03 -1.172062775719858547e-03 -8.455222405174695963e-03 8.025062211353821071e-03 2.711475669241952737e-03 -1.372260973269472453e-02 -1.063966396292292255e-02 -1.372260973269472453e-02 2.711475669241952737e-03 8.025062211353821071e-03 4.128418714671336018e-03 -1.063966396292292255e-02 -1.172062775719858547e-03 5.028627996106459393e-03 3.999472101288025286e-03 4.719485813013799339e-03 -1.238382257557082977e-03 -1.063966396292292255e-02 -8.455222405174695963e-03 8.025062211353821071e-03 2.711475669241952737e-03 4.128418714671336018e-03 9.662962950887636626e-03 -1.372260973269472453e-02 4.719485813013799339e-03 3.999472101288025286e-03 -1.172062775719858547e-03 -9.908317216855134363e-03 9.662962950887636626e-03 1.309267867799667612e-02 -1.238382257557082977e-03 8.025062211353821071e-03 -1.372260973269472453e-02 -9.908317216855134363e-03 4.719485813013799339e-03 -8.032086376907254452e-03 1.309267867799667612e-02 2.070040626415622378e-04 4.719485813013799339e-03 8.025062211353821071e-03 3.795663012225367755e-03 3.795663012225367755e-03 5.028627996106459393e-03 5.028627996106459393e-03 -1.063966396292292255e-02 -1.033457368369887323e-02 -8.032086376907254452e-03 5.028627996106459393e-03 4.719485813013799339e-03 3.795663012225367755e-03 3.795663012225367755e-03 -1.372260973269472453e-02 5.028627996106459393e-03 2.711475669241952737e-03 3.795663012225367755e-03 -8.032086376907254452e-03 5.028627996106459393e-03 1.309267867799667612e-02 4.719485813013799339e-03 -9.908317216855134363e-03 9.662962950887636626e-03 -9.908317216855134363e-03 2.070040626415622378e-04 2.711475669241952737e-03 3.999472101288025286e-03 9.662962950887636626e-03 2.711475669241952737e-03 4.719485813013799339e-03 3.795663012225367755e-03 2.070040626415622378e-04 4.719485813013799339e-03 -9.908317216855134363e-03 -1.238382257557082977e-03 3.999472101288025286e-03 1.309267867799667612e-02 4.719485813013799339e-03 -1.172062775719858547e-03 -8.455222405174695963e-03 2.070040626415622378e-04 9.662962950887636626e-03 -1.063966396292292255e-02 4.719485813013799339e-03 4.719485813013799339e-03 4.719485813013799339e-03 4.719485813013799339e-03 3.999472101288025286e-03 -1.172062775719858547e-03 5.028627996106459393e-03 2.070040626415622378e-04 -8.032086376907254452e-03 7.365530005875892995e-03 2.711475669241952737e-03 2.070040626415622378e-04 7.365530005875892995e-03 8.025062211353821071e-03 7.365530005875892995e-03 -8.032086376907254452e-03 -1.063966396292292255e-02 1.309267867799667612e-02 9.662962950887636626e-03 2.711475669241952737e-03 -1.063966396292292255e-02 -8.455222405174695963e-03 4.128418714671336018e-03 2.070040626415622378e-04 3.999472101288025286e-03 5.028627996106459393e-03 -8.032086376907254452e-03 -1.063966396292292255e-02 -8.455222405174695963e-03 -1.033457368369887323e-02 -8.032086376907254452e-03 2.711475669241952737e-03 1.309267867799667612e-02 -1.372260973269472453e-02 3.795663012225367755e-03 4.719485813013799339e-03 5.028627996106459393e-03 -1.033457368369887323e-02 -1.372260973269472453e-02 4.719485813013799339e-03 8.025062211353821071e-03 7.365530005875892995e-03 1.309267867799667612e-02 -1.372260973269472453e-02 -8.455222405174695963e-03 -1.238382257557082977e-03 -8.455222405174695963e-03 2.711475669241952737e-03 -1.172062775719858547e-03 7.290278398261288394e-03 4.128418714671336018e-03 5.028627996106459393e-03 -9.908317216855134363e-03 3.795663012225367755e-03 5.028627996106459393e-03 7.290278398261288394e-03 2.070040626415622378e-04 4.719485813013799339e-03 9.662962950887636626e-03 7.290278398261288394e-03 5.028627996106459393e-03 7.365530005875892995e-03 3.999472101288025286e-03 3.999472101288025286e-03 2.711475669241952737e-03 -8.032086376907254452e-03 3.795663012225367755e-03 8.025062211353821071e-03 4.719485813013799339e-03 5.028627996106459393e-03 -1.172062775719858547e-03 -8.032086376907254452e-03 9.662962950887636626e-03 7.290278398261288394e-03 4.719485813013799339e-03 -9.908317216855134363e-03 -1.238382257557082977e-03 2.711475669241952737e-03 7.290278398261288394e-03 3.999472101288025286e-03 2.711475669241952737e-03 -1.033457368369887323e-02 2.070040626415622378e-04 -1.063966396292292255e-02 1.309267867799667612e-02 -1.238382257557082977e-03 -1.372260973269472453e-02 4.719485813013799339e-03 7.365530005875892995e-03 2.711475669241952737e-03 1.309267867799667612e-02 2.711475669241952737e-03 2.711475669241952737e-03 -1.172062775719858547e-03 2.711475669241952737e-03 8.025062211353821071e-03 -1.372260973269472453e-02 4.128418714671336018e-03 -1.172062775719858547e-03 -1.063966396292292255e-02 2.070040626415622378e-04 2.711475669241952737e-03 7.290278398261288394e-03 9.662962950887636626e-03 -9.908317216855134363e-03 8.025062211353821071e-03 4.128418714671336018e-03 8.025062211353821071e-03 7.365530005875892995e-03 7.290278398261288394e-03 7.365530005875892995e-03 5.028627996106459393e-03 8.025062211353821071e-03 -8.032086376907254452e-03 7.290278398261288394e-03 3.999472101288025286e-03 -8.032086376907254452e-03 -1.372260973269472453e-02 4.128418714671336018e-03 4.719485813013799339e-03 9.662962950887636626e-03 7.290278398261288394e-03 2.070040626415622378e-04 2.711475669241952737e-03 7.365530005875892995e-03 7.290278398261288394e-03 -1.172062775719858547e-03 3.999472101288025286e-03 5.028627996106459393e-03 5.028627996106459393e-03 -1.172062775719858547e-03 1.309267867799667612e-02 7.290278398261288394e-03 8.025062211353821071e-03 7.365530005875892995e-03 -9.908317216855134363e-03 2.711475669241952737e-03 -1.172062775719858547e-03 4.719485813013799339e-03 -8.455222405174695963e-03 9.662962950887636626e-03 -8.032086376907254452e-03 8.025062211353821071e-03 -8.032086376907254452e-03 4.719485813013799339e-03 5.028627996106459393e-03 4.128418714671336018e-03 2.070040626415622378e-04 4.719485813013799339e-03 4.128418714671336018e-03 4.719485813013799339e-03 -1.033457368369887323e-02 2.070040626415622378e-04 -8.455222405174695963e-03 7.365530005875892995e-03 1.309267867799667612e-02
-1.432322577002410370e-02 -4.460154296385728488e-03 3.933673617655525194e-03 6.315499053874865099e-03 4.204855746972769627e-03 2.452271209439080887e-03 -5.330413978563881827e-03 -5.633123830770821357e-03 5.889244507638748821e-03 -2.705479876396507232e-04 1.308599309939190115e-03 -3.274580332377579044e-04 2.452271209439080887e-03 -1.210799524211996631e-02 3.933673617655525194e-03 1.137365096604528079e-04 -2.705479876396507232e-04 2.452271209439080887e-03 6.315499053874865099e-03 1.985557074753203834e-03 3.366259307436374887e-03 -5.633123830770821357e-03 1.137365096604528079e-04 4.204855746972769627e-03 4.204855746972769627e-03 5.889244507638748821e-03 -2.705479876396507232e-04 1.137365096604528079e-04 3.933673617655525194e-03 -1.247226598513045091e-02 2.452271209439080887e-03 -4.460154296385728488e-03 1.210812115196732881e-02 3.933673617655525194e-03 -1.210799524211996631e-02 -5.330413978563881827e-03 -3.274580332377579044e-04 -1.432322577002410370e-02 3.933673617655525194e-03 3.933673617655525194e-03 3.933673617655525194e-03 6.315499053874865099e-03 -1.247226598513045091e-02 -5.330413978563881827e-03 3.366259307436374887e-03 1.308599309939190115e-03 1.308599309939190115e-03 7.665905668034588352e-03 -2.705479876396507232e-04 -2.705479876396507232e-04 -2.705479876396507232e-04 1.308599309939190115e-03 3.366259307436374887e-03 -5.633123830770821357e-03 7.665905668034588352e-03 5.889244507638748821e-03 6.315499053874865099e-03 -1.432322577002410370e-02 -5.330413978563881827e-03 2.452271209439080887e-03 -5.633123830770821357e-03 -1.210799524211996631e-02 3.933673617655525194e-03 1.985557074753203834e-03 3.366259307436374887e-03 -4.460154296385728488e-03 5.889244507638748821e-03 3.933673617655525194e-03 -1.432322577002410370e-02 -1.247226598513045091e-02 -1.432322577002410370e-02 3.933673617655525194e-03 5.889244507638748821e-03 7.665905668034588352e-03 -1.247226598513045091e-02 3.366259307436374887e-03 -3.274580332377579044e-04 1.210812115196732881e-02 1.985557074753203834e-03 1.308599309939190115e-03 -1.247226598513045091e-02 -4.460154296385728488e-03 5.889244507638748821e-03 3.933673617655525194e-03 7.665905668034588352e-03 4.204855746972769627e-03 -1.432322577002410370e-02 1.985557074753203834e-03 1.210812115196732881e-02 3.366259307436374887e-03 -1.210799524211996631e-02 4.204855746972769627e-03 2.452271209439080887e-03 1.308599309939190115e-03 5.889244507638748821e-03 -1.432322577002410370e-02 -1.210799524211996631e-02 1.985557074753203834e-03 -5.330413978563881827e-03 2.452271209439080887e-03 6.315499053874865099e-03 1.985557074753203834e-03 5.889244507638748821e-03 -2.705479876396507232e-04 -2.705479876396507232e-04 -3.274580332377579044e-04 -3.274580332377579044e-04 -1.247226598513045091e-02 -5.633123830770821357e-03 -5.330413978563881827e-03 -3.274580332377579044e-04 1.985557074753203834e-03 -2.705479876396507232e-04 -2.705479876396507232e-04 -1.432322577002410370e-02 -3.274580332377579044e-04 3.933673617655525194e-03 -2.705479876396507232e-04 -5.330413978563881827e-03 -3.274580332377579044e-04 2.452271209439080887e-03 1.985557074753203834e-03 -1.210799524211996631e-02 4.204855746972769627e-03 -1.210799524211996631e-02 6.315499053874865099e-03 3.933673617655525194e-03 1.210812115196732881e-02 4.204855746972769627e-03 3.933673617655525194e-03 1.985557074753203834e-03 -2.705479876396507232e-04 6.315499053874865099e-03 1.985557074753203834e-03 -1.210799524211996631e-02 1.308599309939190115e-03 1.210812115196732881e-02 2.452271209439080887e-03 1.985557074753203834e-03 3.366259307436374887e-03 -4.460154296385728488e-03 6.315499053874865099e-03 4.204855746972769627e-03 -1.247226598513045091e-02 1.985557074753203834e-03 1.985557074753203834e-03 1.985557074753203834e-03 1.985557074753203834e-03 1.210812115196732881e-02 3.366259307436374887e-03 -3.274580332377579044e-04 6.315499053874865099e-03 -5.330413978563881827e-03 3.325864248190252195e-03 3.933673617655525194e-03 6.315499053874865099e-03 3.325864248190252195e-03 5.889244507638748821e-03 3.325864248190252195e-03 -5.330413978563881827e-03 -1.247226598513045091e-02 2.452271209439080887e-03 4.204855746972769627e-03 3.933673617655525194e-03 -1.247226598513045091e-02 -4.460154296385728488e-03 7.665905668034588352e-03 6.315499053874865099e-03 1.210812115196732881e-02 -3.274580332377579044e-04 -5.330413978563881827e-03 -1.247226598513045091e-02 -4.460154296385728488e-03 -5.633123830770821357e-03 -5.330413978563881827e-03 3.933673617655525194e-03 2.452271209439080887e-03 -1.432322577002410370e-02 -2.705479876396507232e-04 1.985557074753203834e-03 -3.274580332377579044e-04 -5.633123830770821357e-03 -1.432322577002410370e-02 1.985557074753203834e-03 5.889244507638748821e-03 3.325864248190252195e-03 2.452271209439080887e-03 -1.432322577002410370e-02 -4.460154296385728488e-03 1.308599309939190115e-03 -4.460154296385728488e-03 3.933673617655525194e-03 3.366259307436374887e-03 1.137365096604528079e-04 7.665905668034588352e-03 -3.274580332377579044e-04 -1.210799524211996631e-02 -2.705479876396507232e-04 -3.274580332377579044e-04 1.137365096604528079e-04 6.315499053874865099e-03 1.985557074753203834e-03 4.204855746972769627e-03 1.137365096604528079e-04 -3.274580332377579044e-04 3.325864248190252195e-03 1.210812115196732881e-02 1.210812115196732881e-02 3.933673617655525194e-03 -5.330413978563881827e-03 -2.705479876396507232e-04 5.889244507638748821e-03 1.985557074753203834e-03 -3.274580332377579044e-04 3.366259307436374887e-03 -5.330413978563881827e-03 4.204855746972769627e-03 1.137365096604528079e-04 1.985557074753203834e-03 -1.210799524211996631e-02 1.308599309939190115e-03 3.933673617655525194e-03 1.137365096604528079e-04 1.210812115196732881e-02 3.933673617655525194e-03 -5.633123830770821357e-03 6.315499053874865099e-03 -1.247226598513045091e-02 2.452271209439080887e-03 1.308599309939190115e-03 -1.432322577002410370e-02 1.985557074753203834e-03 3.325864248190252195e-03 3.933673617655525194e-03 2.452271209439080887e-03 3.933673617655525194e-03 3.933673617655525194e-03 3.366259307436374887e-03 3.933673617655525194e-03 5.889244507638748821e-03 -1.432322577002410370e-02 7.665905668034588352e-03 3.366259307436374887e-03 -1.247226598513045091e-02 6.315499053874865099e-03 3.933673617655525194e-03 1.137365096604528079e-04 4.204855746972769627e-03 -1.210799524211996631e-02 5.889244507638748821e-03 7.665905668034588352e-03 5.889244507638748821e-03 3.325864248190252195e-03 1.137365096604528079e-04 3.325864248190252195e-03 -3.274580332377579044e-04 5.889244507638748821e-03 -5.330413978563881827e-03 1.137365096604528079e-04 1.210812115196732881e-02 -5.330413978563881827e-03 -1.432322577002410370e-02 7.665905668034588352e-03 1.985557074753203834e-03 4.204855746972769627e-03 1.137365096604528079e-04 6.315499053874865099e-03 3.933673617655525194e-03 3.325864248190252195e-03 1.137365096604528079e-04 3.366259307436374887e-03 1.210812115196732881e-02 -3.274580332377579044e-04 -3.274580332377579044e-04 3.366259307436374887e-03 2.452271209439080887e-03 1.137365096604528079e-04 5.889244507638748821e-03 3.325864248190252195e-03 -1.210799524211996631e-02 3.933673617655525194e-03 3.366259307436374887e-03 1.985557074753203834e-03 -4.460154296385728488e-03 4.204855746972769627e-03 -5.330413978563881827e-03 5.889244507638748821e-03 -5.330413978563881827e-03 1.985557074753203834e-03 -3.274580332377579044e-04 7.665905668034588352e-03 6.315499053874865099e-03 1.985557074753203834e-03 7.665905668034588352e-03 1.985557074753203834e-03 -5.633123830770821357e-03 6.315499053874865099e-03 -4.460154296385728488e-03 3.325864248190252195e-03 2.452271209439080887e-03
-1.432322577002410370e-02 -4.460154296385728488e-03 3.933673617655525194e-03 6.315499053874865099e-03 4.204855746972769627e-03 2.452271209439080887e-03 -5.330413978563881827e-03 -5.633123830770821357e-03 5.889244507638748821e-03 -2.705479876396507232e-04 1.308599309939190115e-03 -3.274580332377579044e-04 2.452271209439080887e-03 -1.210799524211996631e-02 3.933673617655525194e-03 1.137365096604528079e-04 -2.705479876396507232e-04 2.452271209439080887e-03 6.315499053874865099e-03 1.985557074753203834e-03 3.366259307436374887e-03 -5.633123830770821357e-03 1.137365096604528079e-04 4.204855746972769627e-03 4.204855746972769627e-03 5.889244507638748821e-03 -2.705479876396507232e-04 1.137365096604528079e-04 3.933673617655525194e-03 -1.247226598513045091e-02 2.452271209439080887e-03 -4.460154296385728488e-03 1.210812115196732881e-02 3.933673617655525194e-03 -1.210799524211996631e-02 -5.330413978563881827e-03 -3.274580332377579044e-04 -1.432322577002410370e-02 3.933673617655525194e-03 3.933673617655525194e-03 3.933673617655525194e-03 6.315499053874865099e-03 -1.247226598513045091e-02 -5.330413978563881827e-03 3.366259307436374887e-03 1.308599309939190115e-03 1.308599309939190115e-03 7.665905668034588352e-03 -2.705479876396507232e-04 -2.705479876396507232e-04 -2.705479876396507232e-04 1.308599309939190115e-03 3.366259307436374887e-03 -5.633123830770821357e-03 7.665905668034588352e-03 5.889244507638748821e-03 6.315499053874865099e-03 -1.432322577002410370e-02 -5.330413978563881827e-03 2.452271209439080887e-03 -5.633123830770821357e-03 -1.210799524211996631e-02 3.933673617655525194e-03 1.985557074753203834e-03 3.366259307436374887e-03 -4.460154296385728488e-03 5.889244507638748821e-03 3.933673617655525194e-03 -1.432322577002410370e-02 -1.247226598513045091e-02 -1.432322577002410370e-02 3.933673617655525194e-03 5.889244507638748821e-03 7.665905668034588352e-03 -1.247226598513045091e-02 3.366259307436374887e-03 -3.274580332377579044e-04 1.210812115196732881e-02 1.985557074753203834e-03 1.308599309939190115e-03 -1.247226598513045091e-02 -4.460154296385728488e-03 5.889244507638748821e-03 3.933673617655525194e-03 7.665905668034588352e-03 4.204855746972769627e-03 -1.432322577002410370e-02 1.985557074753203834e-03 1.210812115196732881e-02 3.366259307436374887e-03 -1.210799524211996631e-02 4.204855746972769627e-03 2.452271209439080887e-03 1.308599309939190115e-03 5.889244507638748821e-03 -1.432322577002410370e-02 -1.210799524211996631e-02 1.985557074753203834e-03 -5.330413978563881827e-03 2.452271209439080887e-03 6.315499053874865099e-03 1.985557074753203834e-03 5.889244507638748821e-03 -2.705479876396507232e-04 -2.705479876396507232e-04 -3.274580332377579044e-04 -3.274580332377579044e-04 -1.247226598513045091e-02 -5.633123830770821357e-03 -5.330413978563881827e-03 -3.274580332377579044e-04 1.985557074753203834e-03 -2.705479876396507232e-04 -2.705479876396507232e-04 -1.432322577002410370e-02 -3.274580332377579044e-04 3.933673617655525194e-03 -2.705479876396507232e-04 -5.330413978563881827e-03 -3.274580332377579044e-04 2.452271209439080887e-03 1.985557074753203834e-03 -1.210799524211996631e-02 4.204855746972769627e-03 -1.210799524211996631e-02 6.315499053874865099e-03 3.933673617655525194e-03 1.210812115196732881e-02 4.204855746972769627e-03 3.933673617655525194e-03 1.985557074753203834e-03 -2.705479876396507232e-04 6.315499053874865099e-03 1.985557074753203834e-03 -1.210799524211996631e-02 1.308599309939190115e-03 1.210812115196732881e-02 2.452271209439080887e-03 1.985557074753203834e-03 3.366259307436374887e-03 -4.460154296385728488e-03 6.315499053874865099e-03 4.204855746972769627e-03 -1.247226598513045091e-02 1.985557074753203834e-03 1.985557074753203834e-03 1.985557074753203834e-03 1.985557074753203834e-03 1.210812115196732881e-02 3.366259307436374887e-03 -3.274580332377579044e-04 6.315499053874865099e-03 -5.330413978563881827e-03 3.325864248190252195e-03 3.933673617655525194e-03 6.315499053874865099e-03 3.325864248190252195e-03 5.889244507638748821e-03 3.325864248190252195e-03 -5.330413978563881827e-03 -1.247226598513045091e-02 2.452271209439080887e-03 4.204855746972769627e-03 3.933673617655525194e-03 -1.247226598513045091e-02 -4.460154296385728488e-03 7.665905668034588352e-03 6.315499053874865099e-03 1.210812115196732881e-02 -3.274580332377579044e-04 -5.330413978563881827e-03 -1.247226598513045091e-02 -4.460154296385728488e-03 -5.633123830770821357e-03 -5.330413978563881827e-03 3.933673617655525194e-03 2.452271209439080887e-03 -1.432322577002410370e-02 -2.705479876396507232e-04 1.985557074753203834e-03 -3.274580332377579044e-04 -5.633123830770821357e-03 -1.432322577002410370e-02 1.985557074753203834e-03 5.889244507638748821e-03 3.325864248190252195e-03 2.452271209439080887e-03 -1.432322577002410370e-02 -4.460154296385728488e-03 1.308599309939190115e-03 -4.460154296385728488e-03 3.933673617655525194e-03 3.366259307436374887e-03 1.137365096604528079e-04 7.665905668034588352e-03 -3.274580332377579044e-04 -1.210799524211996631e-02 -2.705479876396507232e-04 -3.274580332377579044e-04 1.137365096604528079e-04 6.315499053874865099e-03 1.985557074753203834e-03 4.204855746972769627e-03 1.137365096604528079e-04 -3.274580332377579044e-04 3.325864248190252195e-03 1.210812115196732881e-02 1.210812115196732881e-02 3.933673617655525194e-03 -5.330413978563881827e-03 -2.705479876396507232e-04 5.889244507638748821e-03 1.985557074753203834e-03 -3.274580332377579044e-04 3.366259307436374887e-03 -5.330413978563881827e-03 4.204855746972769627e-03 1.137365096604528079e-04 1.985557074753203834e-03 -1.210799524211996631e-02 1.308599309939190115e-03 3.933673617655525194e-03 1.137365096604528079e-04 1.210812115196732881e-02 3.933673617655525194e-03 -5.633123830770821357e-03 6.315499053874865099e-03 -1.247226598513045091e-02 2.452271209439080887e-03 1.308599309939190115e-03 -1.432322577002410370e-02 1.985557074753203834e-03 3.325864248190252195e-03 3.933673617655525194e-03 2.452271209439080887e-03 3.933673617655525194e-03 3.933673617655525194e-03 3.366259307436374887e-03 3.933673617655525194e-03 5.889244507638748821e-03 -1.432322577002410370e-02 7.665905668034588352e-03 3.366259307436374887e-03 -1.247226598513045091e-02 6.315499053874865099e-03 3.933673617655525194e-03 1.137365096604528079e-04 4.204855746972769627e-03 -1.210799524211996631e-02 5.889244507638748821e-03 7.665905668034588352e-03 5.889244507638748821e-03 3.325864248190252195e-03 1.137365096604528079e-04 3.325864248190252195e-03 -3.274580332377579044e-04 5.889244507638748821e-03 -5.330413978563881827e-03 1.137365096604528079e-04 1.210812115196732881e-02 -5.330413978563881827e-03 -1.432322577002410370e-02 7.665905668034588352e-03 1.985557074753203834e-03 4.204855746972769627e-03 1.137365096604528079e-04 6.315499053874865099e-03 3.933673617655525194e-03 3.325864248190252195e-03 1.137365096604528079e-04 3.366259307436374887e-03 1.210812115196732881e-02 -3.274580332377579044e-04 -3.274580332377579044e-04 3.366259307436374887e-03 2.452271209439080887e-03 1.137365096604528079e-04 5.889244507638748821e-03 3.325864248190252195e-03 -1.210799524211996631e-02 3.933673617655525194e-03 3.366259307436374887e-03 1.985557074753203834e-03 -4.460154296385728488e-03 4.204855746972769627e-03 -5.330413978563881827e-03 5.889244507638748821e-03 -5.330413978563881827e-03 1.985557074753203834e-03 -3.274580332377579044e-04 7.665905668034588352e-03 6.315499053874865099e-03 1.985557074753203834e-03 7.665905668034588352e-03 1.985557074753203834e-03 -5.633123830770821357e-03 6.315499053874865099e-03 -4.460154296385728488e-03 3.325864248190252195e-03 2.452271209439080887e-03
-2.009239844029354558e-02 -9.561728467843593968e-03 1.133262088938607332e-02 3.844314160106859345e-04 4.843757202378422798e-03 -5.131445857512936630e-03 -1.133499856308789466e-02 -1.261875728826272920e-02 2.799278409966192600e-03 1.385675051131410145e-03 -4.127212175261625419e-03 -3.853492830886852405e-03 -5.131445857512936630e-03 -1.801051567265032557e-02 1.133262088938607332e-02 -2.968035326059519606e-03 1.385675051131410145e-03 -5.131445857512936630e-03 3.844314160106859345e-04 7.245788645817389552e-03 1.015274510013426928e-03 -1.261875728826272920e-02 -2.968035326059519606e-03 4.843757202378422798e-03 4.843757202378422798e-03 2.799278409966192600e-03 1.385675051131410145e-03 -2.968035326059519606e-03 1.133262088938607332e-02 -1.824272416685026460e-02 -5.131445857512936630e-03 -9.561728467843593968e-03 1.037166527094660409e-02 1.133262088938607332e-02 -1.801051567265032557e-02 -1.133499856308789466e-02 -3.853492830886852405e-03 -2.009239844029354558e-02 1.133262088938607332e-02 1.133262088938607332e-02 1.133262088938607332e-02 3.844314160106859345e-04 -1.824272416685026460e-02 -1.133499856308789466e-02 1.015274510013426928e-03 -4.127212175261625419e-03 -4.127212175261625419e-03 8.970068242712711352e-04 1.385675051131410145e-03 1.385675051131410145e-03 1.385675051131410145e-03 -4.127212175261625419e-03 1.015274510013426928e-03 -1.261875728826272920e-02 8.970068242712711352e-04 2.799278409966192600e-03 3.844314160106859345e-04 -2.009239844029354558e-02 -1.133499856308789466e-02 -5.131445857512936630e-03 -1.261875728826272920e-02 -1.801051567265032557e-02 1.133262088938607332e-02 7.245788645817389552e-03 1.015274510013426928e-03 -9.561728467843593968e-03 2.799278409966192600e-03 1.133262088938607332e-02 -2.009239844029354558e-02 -1.824272416685026460e-02 -2.009239844029354558e-02 1.133262088938607332e-02 2.799278409966192600e-03 8.970068242712711352e-04 -1.824272416685026460e-02 1.015274510013426928e-03 -3.853492830886852405e-03 1.037166527094660409e-02 7.245788645817389552e-03 -4.127212175261625419e-03 -1.824272416685026460e-02 -9.561728467843593968e-03 2.799278409966192600e-03 1.133262088938607332e-02 8.970068242712711352e-04 4.843757202378422798e-03 -2.009239844029354558e-02 7.245788645817389552e-03 1.037166527094660409e-02 1.015274510013426928e-03 -1.801051567265032557e-02 4.843757202378422798e-03 -5.131445857512936630e-03 -4.127212175261625419e-03 2.799278409966192600e-03 -2.009239844029354558e-02 -1.801051567265032557e-02 7.245788645817389552e-03 -1.133499856308789466e-02 -5.131445857512936630e-03 3.844314160106859345e-04 7.245788645817389552e-03 2.799278409966192600e-03 1.385675051131410145e-03 1.385675051131410145e-03 -3.853492830886852405e-03 -3.853492830886852405e-03 -1.824272416685026460e-02 -1.261875728826272920e-02 -1.133499856308789466e-02 -3.853492830886852405e-03 7.245788645817389552e-03 1.385675051131410145e-03 1.385675051131410145e-03 -2.009239844029354558e-02 -3.853492830886852405e-03 1.133262088938607332e-02 1.385675051131410145e-03 -1.133499856308789466e-02 -3.853492830886852405e-03 -5.131445857512936630e-03 7.245788645817389552e-03 -1.801051567265032557e-02 4.843757202378422798e-03 -1.801051567265032557e-02 3.844314160106859345e-04 1.133262088938607332e-02 1.037166527094660409e-02 4.843757202378422798e-03 1.133262088938607332e-02 7.245788645817389552e-03 1.385675051131410145e-03 3.844314160106859345e-04 7.245788645817389552e-03 -1.801051567265032557e-02 -4.127212175261625419e-03 1.037166527094660409e-02 -5.131445857512936630e-03 7.245788645817389552e-03 1.015274510013426928e-03 -9.561728467843593968e-03 3.844314160106859345e-04 4.843757202378422798e-03 -1.824272416685026460e-02 7.245788645817389552e-03 7.245788645817389552e-03 7.245788645817389552e-03 7.245788645817389552e-03 1.037166527094660409e-02 1.015274510013426928e-03 -3.853492830886852405e-03 3.844314160106859345e-04 -1.133499856308789466e-02 1.174738513269424182e-03 1.133262088938607332e-02 3.844314160106859345e-04 1.174738513269424182e-03 2.799278409966192600e-03 1.174738513269424182e-03 -1.133499856308789466e-02 -1.824272416685026460e-02 -5.131445857512936630e-03 4.843757202378422798e-03 1.133262088938607332e-02 -1.824272416685026460e-02 -9.561728467843593968e-03 8.970068242712711352e-04 3.844314160106859345e-04 1.037166527094660409e-02 -3.853492830886852405e-03 -1.133499856308789466e-02 -1.824272416685026460e-02 -9.561728467843593968e-03 -1.261875728826272920e-02 -1.133499856308789466e-02 1.133262088938607332e-02 -5.131445857512936630e-03 -2.009239844029354558e-02 1.385675051131410145e-03 7.245788645817389552e-03 -3.853492830886852405e-03 -1.261875728826272920e-02 -2.009239844029354558e-02 7.245788645817389552e-03 2.799278409966192600e-03 1.174738513269424182e-03 -5.131445857512936630e-03 -2.009239844029354558e-02 -9.561728467843593968e-03 -4.127212175261625419e-03 -9.561728467843593968e-03 1.133262088938607332e-02 1.015274510013426928e-03 -2.968035326059519606e-03 8.970068242712711352e-04 -3.853492830886852405e-03 -1.801051567265032557e-02 1.385675051131410145e-03 -3.853492830886852405e-03 -2.968035326059519606e-03 3.844314160106859345e-04 7.245788645817389552e-03 4.843757202378422798e-03 -2.968035326059519606e-03 -3.853492830886852405e-03 1.174738513269424182e-03 1.037166527094660409e-02 1.037166527094660409e-02 1.133262088938607332e-02 -1.133499856308789466e-02 1.385675051131410145e-03 2.799278409966192600e-03 7.245788645817389552e-03 -3.853492830886852405e-03 1.015274510013426928e-03 -1.133499856308789466e-02 4.843757202378422798e-03 -2.968035326059519606e-03 7.245788645817389552e-03 -1.801051567265032557e-02 -4.127212175261625419e-03 1.133262088938607332e-02 -2.968035326059519606e-03 1.037166527094660409e-02 1.133262088938607332e-02 -1.261875728826272920e-02 3.844314160106859345e-04 -1.824272416685026460e-02 -5.131445857512936630e-03 -4.127212175261625419e-03 -2.009239844029354558e-02 7.245788645817389552e-03 1.174738513269424182e-03 1.133262088938607332e-02 -5.131445857512936630e-03 1.133262088938607332e-02 1.133262088938607332e-02 1.015274510013426928e-03 1.133262088938607332e-02 2.799278409966192600e-03 -2.009239844029354558e-02 8.970068242712711352e-04 1.015274510013426928e-03 -1.824272416685026460e-02 3.844314160106859345e-04 1.133262088938607332e-02 -2.968035326059519606e-03 4.843757202378422798e-03 -1.801051567265032557e-02 2.799278409966192600e-03 8.970068242712711352e-04 2.799278409966192600e-03 1.174738513269424182e-03 -2.968035326059519606e-03 1.174738513269424182e-03 -3.853492830886852405e-03 2.799278409966192600e-03 -1.133499856308789466e-02 -2.968035326059519606e-03 1.037166527094660409e-02 -1.133499856308789466e-02 -2.009239844029354558e-02 8.970068242712711352e-04 7.245788645817389552e-03 4.843757202378422798e-03 -2.968035326059519606e-03 3.844314160106859345e-04 1.133262088938607332e-02 1.174738513269424182e-03 -2.968035326059519606e-03 1.015274510013426928e-03 1.037166527094660409e-02 -3.853492830886852405e-03 -3.853492830886852405e-03 1.015274510013426928e-03 -5.131445857512936630e-03 -2.968035326059519606e-03 2.799278409966192600e-03 1.174738513269424182e-03 -1.801051567265032557e-02 1.133262088938607332e-02 1.015274510013426928e-03 7.245788645817389552e-03 -9.561728467843593968e-03 4.843757202378422798e-03 -1.133499856308789466e-02 2.799278409966192600e-03 -1.133499856308789466e-02 7.245788645817389552e-03 -3.853492830886852405e-03 8.970068242712711352e-04 3.844314160106859345e-04 7.245788645817389552e-03 8.970068242712711352e-04 7.245788645817389552e-03 -1.261875728826272920e-02 3.844314160106859345e-04 -9.561728467843593968e-03 1.174738513269424182e-03 -5.131445857512936630e-03
-2.009239844029354558e-02 -9.561728467843593968e-03 1.133262088938607332e-02 3.844314160106859345e-04 4.843757202378422798e-03 -5.131445857512936630e-03 -1.133499856308789466e-02 -1.261875728826272920e-02 2.799278409966192600e-03 1.385675051131410145e-03 -4.127212175261625419e-03 -3.853492830886852405e-03 -5.131445857512936630e-03 -1.801051567265032557e-02 1.133262088938607332e-02 -2.968035326059519606e-03 1.385675051131410145e-03 -5.131445857512936630e-03 3.844314160106859345e-04 7.245788645817389552e-03 1.015274510013426928e-03 -1.261875728826272920e-02 -2.968035326059519606e-03 4.843757202378422798e-03 4.843757202378422798e-03 2.799278409966192600e-03 1.385675051131410145e-03 -2.968035326059519606e-03 1.133262088938607332e-02 -1.824272416685026460e-02 -5.131445857512936630e-03 -9.561728467843593968e-03 1.037166527094660409e-02 1.133262088938607332e-02 -1.801051567265032557e-02 -1.133499856308789466e-02 -3.853492830886852405e-03 -2.009239844029354558e-02 1.133262088938607332e-02 1.133262088938607332e-02 1.133262088938607332e-02 3.844314160106859345e-04 -1.824272416685026460e-02 -1.133499856308789466e-02 1.015274510013426928e-03 -4.127212175261625419e-03 -4.127212175261625419e-03 8.970068242712711352e-04 1.385675051131410145e-03 1.385675051131410145e-03 1.385675051131410145e-03 -4.127212175261625419e-03 1.015274510013426928e-03 -1.261875728826272920e-02 8.970068242712711352e-04 2.799278409966192600e-03 3.844314160106859345e-04 -2.009239844029354558e-02 -1.133499856308789466e-02 -5.131445857512936630e-03 -1.261875728826272920e-02 -1.801051567265032557e-02 1.133262088938607332e-02 7.245788645817389552e-03 1.015274510013426928e-03 -9.561728467843593968e-03 2.799278409966192600e-03 1.133262088938607332e-02 -2.009239844029354558e-02 -1.824272416685026460e-02 -2.009239844029354558e-02 1.133262088938607332e-02 2.799278409966192600e-03 8.970068242712711352e-04 -1.824272416685026460e-02 1.015274510013426928e-03 -3.853492830886852405e-03 1.037166527094660409e-02 7.245788645817389552e-03 -4.127212175261625419e-03 -1.824272416685026460e-02 -9.561728467843593968e-03 2.799278409966192600e-03 1.133262088938607332e-02 8.970068242712711352e-04 4.843757202378422798e-03 -2.009239844029354558e-02 7.245788645817389552e-03 1.037166527094660409e-02 1.015274510013426928e-03 -1.801051567265032557e-02 4.843757202378422798e-03 -5.131445857512936630e-03 -4.127212175261625419e-03 2.799278409966192600e-03 -2.009239844029354558e-02 -1.801051567265032557e-02 7.245788645817389552e-03 -1.133499856308789466e-02 -5.131445857512936630e-03 3.844314160106859345e-04 7.245788645817389552e-03 2.799278409966192600e-03 1.385675051131410145e-03 1.385675051131410145e-03 -3.853492830886852405e-03 -3.853492830886852405e-03 -1.824272416685026460e-02 -1.261875728826272920e-02 -1.133499856308789466e-02 -3.853492830886852405e-03 7.245788645817389552e-03 1.385675051131410145e-03 1.385675051131410145e-03 -2.009239844029354558e-02 -3.853492830886852405e-03 1.133262088938607332e-02 1.385675051131410145e-03 -1.133499856308789466e-02 -3.853492830886852405e-03 -5.131445857512936630e-03 7.245788645817389552e-03 -1.801051567265032557e-02 4.843757202378422798e-03 -1.801051567265032557e-02 3.844314160106859345e-04 1.133262088938607332e-02 1.037166527094660409e-02 4.843757202378422798e-03 1.133262088938607332e-02 7.245788645817389552e-03 1.385675051131410145e-03 3.844314160106859345e-04 7.245788645817389552e-03 -1.801051567265032557e-02 -4.127212175261625419e-03 1.037166527094660409e-02 -5.131445857512936630e-03 7.245788645817389552e-03 1.015274510013426928e-03 -9.561728467843593968e-03 3.844314160106859345e-04 4.843757202378422798e-03 -1.824272416685026460e-02 7.245788645817389552e-03 7.245788645817389552e-03 7.245788645817389552e-03 7.245788645817389552e-03 1.037166527094660409e-02 1.015274510013426928e-03 -3.853492830886852405e-03 3.844314160106859345e-04 -1.133499856308789466e-02 1.174738513269424182e-03 1.133262088938607332e-02 3.844314160106859345e-04 1.174738513269424182e-03 2.799278409966192600e-03 1.174738513269424182e-03 -1.133499856308789466e-02 -1.824272416685026460e-02 -5.131445857512936630e-03 4.843757202378422798e-03 1.133262088938607332e-02 -1.824272416685026460e-02 -9.561728467843593968e-03 8.970068242712711352e-04 3.844314160106859345e-04 1.037166527094660409e-02 -3.853492830886852405e-03 -1.133499856308789466e-02 -1.824272416685026460e-02 -9.561728467843593968e-03 -1.261875728826272920e-02 -1.133499856308789466e-02 1.133262088938607332e-02 -5.131445857512936630e-03 -2.009239844029354558e-02 1.385675051131410145e-03 7.245788645817389552e-03 -3.853492830886852405e-03 -1.261875728826272920e-02 -2.009239844029354558e-02 7.245788645817389552e-03 2.799278409966192600e-03 1.174738513269424182e-03 -5.131445857512936630e-03 -2.009239844029354558e-02 -9.561728467843593968e-03 -4.127212175261625419e-03 -9.561728467843593968e-03 1.133262088938607332e-02 1.015274510013426928e-03 -2.968035326059519606e-03 8.970068242712711352e-04 -3.853492830886852405e-03 -1.801051567265032557e-02 1.385675051131410145e-03 -3.853492830886852405e-03 -2.968035326059519606e-03 3.844314160106859345e-04 7.245788645817389552e-03 4.843757202378422798e-03 -2.968035326059519606e-03 -3.853492830886852405e-03 1.174738513269424182e-03 1.037166527094660409e-02 1.037166527094660409e-02 1.133262088938607332e-02 -1.133499856308789466e-02 1.385675051131410145e-03 2.799278409966192600e-03 7.245788645817389552e-03 -3.853492830886852405e-03 1.015274510013426928e-03 -1.133499856308789466e-02 4.843757202378422798e-03 -2.968035326059519606e-03 7.245788645817389552e-03 -1.801051567265032557e-02 -4.127212175261625419e-03 1.133262088938607332e-02 -2.968035326059519606e-03 1.037166527094660409e-02 1.133262088938607332e-02 -1.261875728826272920e-02 3.844314160106859345e-04 -1.824272416685026460e-02 -5.131445857512936630e-03 -4.127212175261625419e-03 -2.009239844029354558e-02 7.245788645817389552e-03 1.174738513269424182e-03 1.133262088938607332e-02 -5.131445857512936630e-03 1.133262088938607332e-02 1.133262088938607332e-02 1.015274510013426928e-03 1.133262088938607332e-02 2.799278409966192600e-03 -2.009239844029354558e-02 8.970068242712711352e-04 1.015274510013426928e-03 -1.824272416685026460e-02 3.844314160106859345e-04 1.133262088938607332e-02 -2.968035326059519606e-03 4.843757202378422798e-03 -1.801051567265032557e-02 2.799278409966192600e-03 8.970068242712711352e-04 2.799278409966192600e-03 1.174738513269424182e-03 -2.968035326059519606e-03 1.174738513269424182e-03 -3.853492830886852405e-03 2.799278409966192600e-03 -1.133499856308789466e-02 -2.968035326059519606e-03 1.037166527094660409e-02 -1.133499856308789466e-02 -2.009239844029354558e-02 8.970068242712711352e-04 7.245788645817389552e-03 4.843757202378422798e-03 -2.968035326059519606e-03 3.844314160106859345e-04 1.133262088938607332e-02 1.174738513269424182e-03 -2.968035326059519606e-03 1.015274510013426928e-03 1.037166527094660409e-02 -3.853492830886852405e-03 -3.853492830886852405e-03 1.015274510013426928e-03 -5.131445857512936630e-03 -2.968035326059519606e-03 2.799278409966192600e-03 1.174738513269424182e-03 -1.801051567265032557e-02 1.133262088938607332e-02 1.015274510013426928e-03 7.245788645817389552e-03 -9.561728467843593968e-03 4.843757202378422798e-03 -1.133499856308789466e-02 2.799278409966192600e-03 -1.133499856308789466e-02 7.245788645817389552e-03 -3.853492830886852405e-03 8.970068242712711352e-04 3.844314160106859345e-04 7.245788645817389552e-03 8.970068242712711352e-04 7.245788645817389552e-03 -1.261875728826272920e-02 3.844314160106859345e-04 -9.561728467843593968e-03 1.174738513269424182e-03 -5.131445857512936630e-03
-1.493799406758733114e-02 -7.588495329590235969e-03 1.233836696034791049e-02 -2.233394903454629342e-03 9.549802491994281717e-03 1.085386225770192505e-03 -7.018885714635428839e-03 -1.221690705309450009e-02 4.623950111301248535e-03 3.465910162212436623e-03 -1.909503429979890346e-03 2.362890929588304205e-03 1.085386225770192505e-03 -1.328197029096600361e-02 1.233836696034791049e-02 3.181353259739719795e-03 3.465910162212436623e-03 1.085386225770192505e-03 -2.233394903454629342e-03 1.011800149302136652e-02 -1.340346362446500185e-03 -1.221690705309450009e-02 3.181353259739719795e-03 9.549802491994281717e-03 9.549802491994281717e-03 4.623950111301248535e-03 3.465910162212436623e-03 3.181353259739719795e-03 1.233836696034791049e-02 -1.386723838129507586e-02 1.085386225770192505e-03 -7.588495329590235969e-03 4.505880180770164764e-03 1.233836696034791049e-02 -1.328197029096600361e-02 -7.018885714635428839e-03 2.362890929588304205e-03 -1.493799406758733114e-02 1.233836696034791049e-02 1.233836696034791049e-02 1.233836696034791049e-02 -2.233394903454629342e-03 -1.386723838129507586e-02 -7.018885714635428839e-03 -1.340346362446500185e-03 -1.909503429979890346e-03 -1.909503429979890346e-03 1.274742545324572757e-03 3.465910162212436623e-03 3.465910162212436623e-03 3.465910162212436623e-03 -1.909503429979890346e-03 -1.340346362446500185e-03 -1.221690705309450009e-02 1.274742545324572757e-03 4.623950111301248535e-03 -2.233394903454629342e-03 -1.493799406758733114e-02 -7.018885714635428839e-03 1.085386225770192505e-03 -1.221690705309450009e-02 -1.328197029096600361e-02 1.233836696034791049e-02 1.011800149302136652e-02 -1.340346362446500185e-03 -7.588495329590235969e-03 4.623950111301248535e-03 1.233836696034791049e-02 -1.493799406758733114e-02 -1.386723838129507586e-02 -1.493799406758733114e-02 1.233836696034791049e-02 4.623950111301248535e-03 1.274742545324572757e-03 -1.386723838129507586e-02 -1.340346362446500185e-03 2.362890929588304205e-03 4.505880180770164764e-03 1.011800149302136652e-02 -1.909503429979890346e-03 -1.386723838129507586e-02 -7.588495329590235969e-03 4.623950111301248535e-03 1.233836696034791049e-02 1.274742545324572757e-03 9.549802491994281717e-03 -1.493799406758733114e-02 1.011800149302136652e-02 4.505880180770164764e-03 -1.340346362446500185e-03 -1.328197029096600361e-02 9.549802491994281717e-03 1.085386225770192505e-03 -1.909503429979890346e-03 4.623950111301248535e-03 -1.493799406758733114e-02 -1.328197029096600361e-02 1.011800149302136652e-02 -7.018885714635428839e-03 1.085386225770192505e-03 -2.233394903454629342e-03 1.011800149302136652e-02 4.623950111301248535e-03 3.465910162212436623e-03 3.465910162212436623e-03 2.362890929588304205e-03 2.362890929588304205e-03 -1.386723838129507586e-02 -1.221690705309450009e-02 -7.018885714635428839e-03 2.362890929588304205e-03 1.011800149302136652e-02 3.465910162212436623e-03 3.465910162212436623e-03 -1.493799406758733114e-02 2.362890929588304205e-03 1.233836696034791049e-02 3.465910162212436623e-03 -7.018885714635428839e-03 2.362890929588304205e-03 1.085386225770192505e-03 1.011800149302136652e-02 -1.328197029096600361e-02 9.549802491994281717e-03 -1.328197029096600361e-02 -2.233394903454629342e-03 1.233836696034791049e-02 4.505880180770164764e-03 9.549802491994281717e-03 1.233836696034791049e-02 1.011800149302136652e-02 3.465910162212436623e-03 -2.233394903454629342e-03 1.011800149302136652e-02 -1.328197029096600361e-02 -1.909503429979890346e-03 4.505880180770164764e-03 1.085386225770192505e-03 1.011800149302136652e-02 -1.340346362446500185e-03 -7.588495329590235969e-03 -2.233394903454629342e-03 9.549802491994281717e-03 -1.386723838129507586e-02 1.011800149302136652e-02 1.011800149302136652e-02 1.011800149302136652e-02 1.011800149302136652e-02 4.505880180770164764e-03 -1.340346362446500185e-03 2.362890929588304205e-03 -2.233394903454629342e-03 -7.018885714635428839e-03 5.817770814990081384e-03 1.233836696034791049e-02 -2.233394903454629342e-03 5.817770814990081384e-03 4.623950111301248535e-03 5.817770814990081384e-03 -7.018885714635428839e-03 -1.386723838129507586e-02 1.085386225770192505e-03 9.549802491994281717e-03 1.233836696034791049e-02 -1.386723838129507586e-02 -7.588495329590235969e-03 1.274742545324572757e-03 -2.233394903454629342e-03 4.505880180770164764e-03 2.362890929588304205e-03 -7.018885714635428839e-03 -1.386723838129507586e-02 -7.588495329590235969e-03 -1.221690705309450009e-02 -7.018885714635428839e-03 1.233836696034791049e-02 1.085386225770192505e-03 -1.493799406758733114e-02 3.465910162212436623e-03 1.011800149302136652e-02 2.362890929588304205e-03 -1.221690705309450009e-02 -1.493799406758733114e-02 1.011800149302136652e-02 4.623950111301248535e-03 5.817770814990081384e-03 1.085386225770192505e-03 -1.493799406758733114e-02 -7.588495329590235969e-03 -1.909503429979890346e-03 -7.588495329590235969e-03 1.233836696034791049e-02 -1.340346362446500185e-03 3.181353259739719795e-03 1.274742545324572757e-03 2.362890929588304205e-03 -1.328197029096600361e-02 3.465910162212436623e-03 2.362890929588304205e-03 3.181353259739719795e-03 -2.233394903454629342e-03 1.011800149302136652e-02 9.549802491994281717e-03 3.181353259739719795e-03 2.362890929588304205e-03 5.817770814990081384e-03 4.505880180770164764e-03 4.505880180770164764e-03 1.233836696034791049e-02 -7.018885714635428839e-03 3.465910162212436623e-03 4.623950111301248535e-03 1.011800149302136652e-02 2.362890929588304205e-03 -1.340346362446500185e-03 -7.018885714635428839e-03 9.549802491994281717e-03 3.181353259739719795e-03 1.011800149302136652e-02 -1.328197029096600361e-02 -1.909503429979890346e-03 1.233836696034791049e-02 3.181353259739719795e-03 4.505880180770164764e-03 1.233836696034791049e-02 -1.221690705309450009e-02 -2.233394903454629342e-03 -1.386723838129507586e-02 1.085386225770192505e-03 -1.909503429979890346e-03 -1.493799406758733114e-02 1.011800149302136652e-02 5.817770814990081384e-03 1.233836696034791049e-02 1.085386225770192505e-03 1.233836696034791049e-02 1.233836696034791049e-02 -1.340346362446500185e-03 1.233836696034791049e-02 4.623950111301248535e-03 -1.493799406758733114e-02 1.274742545324572757e-03 -1.340346362446500185e-03 -1.386723838129507586e-02 -2.233394903454629342e-03 1.233836696034791049e-02 3.181353259739719795e-03 9.549802491994281717e-03 -1.328197029096600361e-02 4.623950111301248535e-03 1.274742545324572757e-03 4.623950111301248535e-03 5.817770814990081384e-03 3.181353259739719795e-03 5.817770814990081384e-03 2.362890929588304205e-03 4.623950111301248535e-03 -7.018885714635428839e-03 3.181353259739719795e-03 4.505880180770164764e-03 -7.018885714635428839e-03 -1.493799406758733114e-02 1.274742545324572757e-03 1.011800149302136652e-02 9.549802491994281717e-03 3.181353259739719795e-03 -2.233394903454629342e-03 1.233836696034791049e-02 5.817770814990081384e-03 3.181353259739719795e-03 -1.340346362446500185e-03 4.505880180770164764e-03 2.362890929588304205e-03 2.362890929588304205e-03 -1.340346362446500185e-03 1.085386225770192505e-03 3.181353259739719795e-03 4.623950111301248535e-03 5.817770814990081384e-03 -1.328197029096600361e-02 1.233836696034791049e-02 -1.340346362446500185e-03 1.011800149302136652e-02 -7.588495329590235969e-03 9.549802491994281717e-03 -7.018885714635428839e-03 4.623950111301248535e-03 -7.018885714635428839e-03 1.011800149302136652e-02 2.362890929588304205e-03 1.274742545324572757e-03 -2.233394903454629342e-03 1.011800149302136652e-02 1.274742545324572757e-03 1.011800149302136652e-02 -1.221690705309450009e-02 -2.233394903454629342e-03 -7.588495329590235969e-03 5.817770814990081384e-03 1.085386225770192505e-03
-1.493799406758733114e-02 -7.588495329590235969e-03 1.233836696034791049e-02 -2.233394903454629342e-03 9.549802491994281717e-03 1.085386225770192505e-03 -7.018885714635428839e-03 -1.221690705309450009e-02 4.623950111301248535e-03 3.465910162212436623e-03 -1.909503429979890346e-03 2.362890929588304205e-03 1.085386225770192505e-03 -1.328197029096600361e-02 1.233836696034791049e-02 3.181353259739719795e-03 3.465910162212436623e-03 1.085386225770192505e-03 -2.233394903454629342e-03 1.011800149302136652e-02 -1.340346362446500185e-03 -1.221690705309450009e-02 3.181353259739719795e-03 9.549802491994281717e-03 9.549802491994281717e-03 4.623950111301248535e-03 3.465910162212436623e-03 3.181353259739719795e-03 1.233836696034791049e-02 -1.386723838129507586e-02 1.085386225770192505e-03 -7.588495329590235969e-03 4.505880180770164764e-03 1.233836696034791049e-02 -1.328197029096600361e-02 -7.018885714635428839e-03 2.362890929588304205e-03 -1.493799406758733114e-02 1.233836696034791049e-02 1.233836696034791049e-02 1.233836696034791049e-02 -2.233394903454629342e-03 -1.386723838129507586e-02 -7.018885714635428839e-03 -1.340346362446500185e-03 -1.909503429979890346e-03 -1.909503429979890346e-03 1.274742545324572757e-03 3.465910162212436623e-03 3.465910162212436623e-03 3.465910162212436623e-03 -1.909503429979890346e-03 -1.340346362446500185e-03 -1.221690705309450009e-02 1.274742545324572757e-03 4.623950111301248535e-03 -2.233394903454629342e-03 -1.493799406758733114e-02 -7.018885714635428839e-03 1.085386225770192505e-03 -1.221690705309450009e-02 -1.328197029096600361e-02 1.233836696034791049e-02 1.011800149302136652e-02 -1.340346362446500185e-03 -7.588495329590235969e-03 4.623950111301248535e-03 1.233836696034791049e-02 -1.493799406758733114e-02 -1.386723838129507586e-02 -1.493799406758733114e-02 1.233836696034791049e-02 4.623950111301248535e-03 1.274742545324572757e-03 -1.386723838129507586e-02 -1.340346362446500185e-03 2.362890929588304205e-03 4.505880180770164764e-03 1.011800149302136652e-02 -1.909503429979890346e-03 -1.386723838129507586e-02 -7.588495329590235969e-03 4.623950111301248535e-03 1.233836696034791049e-02 1.274742545324572757e-03 9.549802491994281717e-03 -1.493799406758733114e-02 1.011800149302136652e-02 4.505880180770164764e-03 -1.340346362446500185e-03 -1.328197029096600361e-02 9.549802491994281717e-03 1.085386225770192505e-03 -1.909503429979890346e-03 4.623950111301248535e-03 -1.493799406758733114e-02 -1.328197029096600361e-02 1.011800149302136652e-02 -7.018885714635428839e-03 1.085386225770192505e-03 -2.233394903454629342e-03 1.011800149302136652e-02 4.623950111301248535e-03 3.465910162212436623e-03 3.465910162212436623e-03 2.362890929588304205e-03 2.362890929588304205e-03 -1.386723838129507586e-02 -1.221690705309450009e-02 -7.018885714635428839e-03 2.362890929588304205e-03 1.011800149302136652e-02 3.465910162212436623e-03 3.465910162212436623e-03 -1.493799406758733114e-02 2.362890929588304205e-03 1.233836696034791049e-02 3.465910162212436623e-03 -7.018885714635428839e-03 2.362890929588304205e-03 1.085386225770192505e-03 1.011800149302136652e-02 -1.328197029096600361e-02 9.549802491994281717e-03 -1.328197029096600361e-02 -2.233394903454629342e-03 1.233836696034791049e-02 4.505880180770164764e-03 9.549802491994281717e-03 1.233836696034791049e-02 1.011800149302136652e-02 3.465910162212436623e-03 -2.233394903454629342e-03 1.011800149302136652e-02 -1.328197029096600361e-02 -1.909503429979890346e-03 4.505880180770164764e-03 1.085386225770192505e-03 1.011800149302136652e-02 -1.340346362446500185e-03 -7.588495329590235969e-03 -2.233394903454629342e-03 9.549802491994281717e-03 -1.386723838129507586e-02 1.011800149302136652e-02 1.011800149302136652e-02 1.011800149302136652e-02 1.011800149302136652e-02 4.505880180770164764e-03 -1.340346362446500185e-03 2.362890929588304205e-03 -2.233394903454629342e-03 -7.018885714635428839e-03 5.817770814990081384e-03 1.233836696034791049e-02 -2.233394903454629342e-03 5.817770814990081384e-03 4.623950111301248535e-03 5.817770814990081384e-03 -7.018885714635428839e-03 -1.386723838129507586e-02 1.085386225770192505e-03 9.549802491994281717e-03 1.233836696034791049e-02 -1.386723838129507586e-02 -7.588495329590235969e-03 1.274742545324572757e-03 -2.233394903454629342e-03 4.505880180770164764e-03 2.362890929588304205e-03 -7.018885714635428839e-03 -1.386723838129507586e-02 -7.588495329590235969e-03 -1.221690705309450009e-02 -7.018885714635428839e-03 1.233836696034791049e-02 1.085386225770192505e-03 -1.493799406758733114e-02 3.465910162212436623e-03 1.011800149302136652e-02 2.362890929588304205e-03 -1.221690705309450009e-02 -1.493799406758733114e-02 1.011800149302136652e-02 4.623950111301248535e-03 5.817770814990081384e-03 1.085386225770192505e-03 -1.493799406758733114e-02 -7.588495329590235969e-03 -1.909503429979890346e-03 -7.588495329590235969e-03 1.233836696034791049e-02 -1.340346362446500185e-03 3.181353259739719795e-03 1.274742545324572757e-03 2.362890929588304205e-03 -1.328197029096600361e-02 3.465910162212436623e-03 2.362890929588304205e-03 3.181353259739719795e-03 -2.233394903454629342e-03 1.011800149302136652e-02 9.549802491994281717e-03 3.181353259739719795e-03 2.362890929588304205e-03 5.817770814990081384e-03 4.505880180770164764e-03 4.505880180770164764e-03 1.233836696034791049e-02 -7.018885714635428839e-03 3.465910162212436623e-03 4.623950111301248535e-03 1.011800149302136652e-02 2.362890929588304205e-03 -1.340346362446500185e-03 -7.018885714635428839e-03 9.549802491994281717e-03 3.181353259739719795e-03 1.011800149302136652e-02 -1.328197029096600361e-02 -1.909503429979890346e-03 1.233836696034791049e-02 3.181353259739719795e-03 4.505880180770164764e-03 1.233836696034791049e-02 -1.221690705309450009e-02 -2.233394903454629342e-03 -1.386723838129507586e-02 1.085386225770192505e-03 -1.909503429979890346e-03 -1.493799406758733114e-02 1.011800149302136652e-02 5.817770814990081384e-03 1.233836696034791049e-02 1.085386225770192505e-03 1.233836696034791049e-02 1.233836696034791049e-02 -1.340346362446500185e-03 1.233836696034791049e-02 4.623950111301248535e-03 -1.493799406758733114e-02 1.274742545324572757e-03 -1.340346362446500185e-03 -1.386723838129507586e-02 -2.233394903454629342e-03 1.233836696034791049e-02 3.181353259739719795e-03 9.549802491994281717e-03 -1.328197029096600361e-02 4.623950111301248535e-03 1.274742545324572757e-03 4.623950111301248535e-03 5.817770814990081384e-03 3.181353259739719795e-03 5.817770814990081384e-03 2.362890929588304205e-03 4.623950111301248535e-03 -7.018885714635428839e-03 3.181353259739719795e-03 4.505880180770164764e-03 -7.018885714635428839e-03 -1.493799406758733114e-02 1.274742545324572757e-03 1.011800149302136652e-02 9.549802491994281717e-03 3.181353259739719795e-03 -2.233394903454629342e-03 1.233836696034791049e-02 5.817770814990081384e-03 3.181353259739719795e-03 -1.340346362446500185e-03 4.505880180770164764e-03 2.362890929588304205e-03 2.362890929588304205e-03 -1.340346362446500185e-03 1.085386225770192505e-03 3.181353259739719795e-03 4.623950111301248535e-03 5.817770814990081384e-03 -1.328197029096600361e-02 1.233836696034791049e-02 -1.340346362446500185e-03 1.011800149302136652e-02 -7.588495329590235969e-03 9.549802491994281717e-03 -7.018885714635428839e-03 4.623950111301248535e-03 -7.018885714635428839e-03 1.011800149302136652e-02 2.362890929588304205e-03 1.274742545324572757e-03 -2.233394903454629342e-03 1.011800149302136652e-02 1.274742545324572757e-03 1.011800149302136652e-02 -1.221690705309450009e-02 -2.233394903454629342e-03 -7.588495329590235969e-03 5.817770814990081384e-03 1.085386225770192505e-03
-1.638714596682197891e-02 -8.366264871432729788e-03 3.023207722925282549e-03 -3.295951997179618048e-03 7.472121970980315220e-03 5.029253891291976877e-03 -8.148976368191588812e-03 -1.016630708025129635e-02 4.201076669260388197e-03 6.416351402665598606e-04 -1.238851796274398646e-03 1.363909024412380275e-03 5.029253891291976877e-03 -8.006894897989329241e-03 3.023207722925282549e-03 5.573983276331941072e-03 6.416351402665598606e-04 5.029253891291976877e-03 -3.295951997179618048e-03 3.859618522148410436e-03 -4.326716725377366228e-03 -1.016630708025129635e-02 5.573983276331941072e-03 7.472121970980315220e-03 7.472121970980315220e-03 4.201076669260388197e-03 6.416351402665598606e-04 5.573983276331941072e-03 3.023207722925282549e-03 -9.758097737773774663e-03 5.029253891291976877e-03 -8.366264871432729788e-03 6.120244384106123588e-05 3.023207722925282549e-03 -8.006894897989329241e-03 -8.148976368191588812e-03 1.363909024412380275e-03 -1.638714596682197891e-02 3.023207722925282549e-03 3.023207722925282549e-03 3.023207722925282549e-03 -3.295951997179618048e-03 -9.758097737773774663e-03 -8.148976368191588812e-03 -4.326716725377366228e-03 -1.238851796274398646e-03 -1.238851796274398646e-03 4.639514540170341581e-03 6.416351402665598606e-04 6.416351402665598606e-04 6.416351402665598606e-04 -1.238851796274398646e-03 -4.326716725377366228e-03 -1.016630708025129635e-02 4.639514540170341581e-03 4.201076669260388197e-03 -3.295951997179618048e-03 -1.638714596682197891e-02 -8.148976368191588812e-03 5.029253891291976877e-03 -1.016630708025129635e-02 -8.006894897989329241e-03 3.023207722925282549e-03 3.859618522148410436e-03 -4.326716725377366228e-03 -8.366264871432729788e-03 4.201076669260388197e-03 3.023207722925282549e-03 -1.638714596682197891e-02 -9.758097737773774663e-03 -1.638714596682197891e-02 3.023207722925282549e-03 4.201076669260388197e-03 4.639514540170341581e-03 -9.758097737773774663e-03 -4.326716725377366228e-03 1.363909024412380275e-03 6.120244384106123588e-05 3.859618522148410436e-03 -1.238851796274398646e-03 -9.758097737773774663e-03 -8.366264871432729788e-03 4.201076669260388197e-03 3.023207722925282549e-03 4.639514540170341581e-03 7.472121970980315220e-03 -1.638714596682197891e-02 3.859618522148410436e-03 6.120244384106123588e-05 -4.326716725377366228e-03 -8.006894897989329241e-03 7.472121970980315220e-03 5.029253891291976877e-03 -1.238851796274398646e-03 4.201076669260388197e-03 -1.638714596682197891e-02 -8.006894897989329241e-03 3.859618522148410436e-03 -8.148976368191588812e-03 5.029253891291976877e-03 -3.295951997179618048e-03 3.859618522148410436e-03 4.201076669260388197e-03 6.416351402665598606e-04 6.416351402665598606e-04 1.363909024412380275e-03 1.363909024412380275e-03 -9.758097737773774663e-03 -1.016630708025129635e-02 -8.148976368191588812e-03 1.363909024412380275e-03 3.859618522148410436e-03 6.416351402665598606e-04 6.416351402665598606e-04 -1.638714596682197891e-02 1.363909024412380275e-03 3.023207722925282549e-03 6.416351402665598606e-04 -8.148976368191588812e-03 1.363909024412380275e-03 5.029253891291976877e-03 3.859618522148410436e-03 -8.006894897989329241e-03 7.472121970980315220e-03 -8.006894897989329241e-03 -3.295951997179618048e-03 3.023207722925282549e-03 6.120244384106123588e-05 7.472121970980315220e-03 3.023207722925282549e-03 3.859618522148410436e-03 6.416351402665598606e-04 -3.295951997179618048e-03 3.859618522148410436e-03 -8.006894897989329241e-03 -1.238851796274398646e-03 6.120244384106123588e-05 5.029253891291976877e-03 3.859618522148410436e-03 -4.326716725377366228e-03 -8.366264871432729788e-03 -3.295951997179618048e-03 7.472121970980315220e-03 -9.758097737773774663e-03 3.859618522148410436e-03 3.859618522148410436e-03 3.859618522148410436e-03 3.859618522148410436e-03 6.120244384106123588e-05 -4.326716725377366228e-03 1.363909024412380275e-03 -3.295951997179618048e-03 -8.148976368191588812e-03 4.391782458347713407e-03 3.023207722925282549e-03 -3.295951997179618048e-03 4.391782458347713407e-03 4.201076669260388197e-03 4.391782458347713407e-03 -8.148976368191588812e-03 -9.758097737773774663e-03 5.029253891291976877e-03 7.472121970980315220e-03 3.023207722925282549e-03 -9.758097737773774663e-03 -8.366264871432729788e-03 4.639514540170341581e-03 -3.295951997179618048e-03 6.120244384106123588e-05 1.363909024412380275e-03 -8.148976368191588812e-03 -9.758097737773774663e-03 -8.366264871432729788e-03 -1.016630708025129635e-02 -8.148976368191588812e-03 3.023207722925282549e-03 5.029253891291976877e-03 -1.638714596682197891e-02 6.416351402665598606e-04 3.859618522148410436e-03 1.363909024412380275e-03 -1.016630708025129635e-02 -1.638714596682197891e-02 3.859618522148410436e-03 4.201076669260388197e-03 4.391782458347713407e-03 5.029253891291976877e-03 -1.638714596682197891e-02 -8.366264871432729788e-03 -1.238851796274398646e-03 -8.366264871432729788e-03 3.023207722925282549e-03 -4.326716725377366228e-03 5.573983276331941072e-03 4.639514540170341581e-03 1.363909024412380275e-03 -8.006894897989329241e-03 6.416351402665598606e-04 1.363909024412380275e-03 5.573983276331941072e-03 -3.295951997179618048e-03 3.859618522148410436e-03 7.472121970980315220e-03 5.573983276331941072e-03 1.363909024412380275e-03 4.391782458347713407e-03 6.120244384106123588e-05 6.120244384106123588e-05 3.023207722925282549e-03 -8.148976368191588812e-03 6.416351402665598606e-04 4.201076669260388197e-03 3.859618522148410436e-03 1.363909024412380275e-03 -4.326716725377366228e-03 -8.148976368191588812e-03 7.472121970980315220e-03 5.573983276331941072e-03 3.859618522148410436e-03 -8.006894897989329241e-03 -1.238851796274398646e-03 3.023207722925282549e-03 5.573983276331941072e-03 6.120244384106123588e-05 3.023207722925282549e-03 -1.016630708025129635e-02 -3.295951997179618048e-03 -9.758097737773774663e-03 5.029253891291976877e-03 -1.238851796274398646e-03 -1.638714596682197891e-02 3.859618522148410436e-03 4.391782458347713407e-03 3.023207722925282549e-03 5.029253891291976877e-03 3.023207722925282549e-03 3.023207722925282549e-03 -4.326716725377366228e-03 3.023207722925282549e-03 4.201076669260388197e-03 -1.638714596682197891e-02 4.639514540170341581e-03 -4.326716725377366228e-03 -9.758097737773774663e-03 -3.295951997179618048e-03 3.023207722925282549e-03 5.573983276331941072e-03 7.472121970980315220e-03 -8.006894897989329241e-03 4.201076669260388197e-03 4.639514540170341581e-03 4.201076669260388197e-03 4.391782458347713407e-03 5.573983276331941072e-03 4.391782458347713407e-03 1.363909024412380275e-03 4.201076669260388197e-03 -8.148976368191588812e-03 5.573983276331941072e-03 6.120244384106123588e-05 -8.148976368191588812e-03 -1.638714596682197891e-02 4.639514540170341581e-03 3.859618522148410436e-03 7.472121970980315220e-03 5.573983276331941072e-03 -3.295951997179618048e-03 3.023207722925282549e-03 4.391782458347713407e-03 5.573983276331941072e-03 -4.326716725377366228e-03 6.120244384106123588e-05 1.363909024412380275e-03 1.363909024412380275e-03 -4.326716725377366228e-03 5.029253891291976877e-03 5.573983276331941072e-03 4.201076669260388197e-03 4.391782458347713407e-03 -8.006894897989329241e-03 3.023207722925282549e-03 -4.326716725377366228e-03 3.859618522148410436e-03 -8.366264871432729788e-03 7.472121970980315220e-03 -8.148976368191588812e-03 4.201076669260388197e-03 -8.148976368191588812e-03 3.859618522148410436e-03 1.363909024412380275e-03 4.639514540170341581e-03 -3.295951997179618048e-03 3.859618522148410436e-03 4.639514540170341581e-03 3.859618522148410436e-03 -1.016630708025129635e-02 -3.295951997179618048e-03 -8.366264871432729788e-03 4.391782458347713407e-03 5.029253891291976877e-03
-1.638714596682197891e-02 -8.366264871432729788e-03 3.023207722925282549e-03 -3.295951997179618048e-03 7.472121970980315220e-03 5.029253891291976877e-03 -8.148976368191588812e-03 -1.016630708025129635e-02 4.201076669260388197e-03 6.416351402665598606e-04 -1.238851796274398646e-03 1.363909024412380275e-03 5.029253891291976877e-03 -8.006894897989329241e-03 3.023207722925282549e-03 5.573983276331941072e-03 6.416351402665598606e-04 5.029253891291976877e-03 -3.295951997179618048e-03 3.859618522148410436e-03 -4.326716725377366228e-03 -1.016630708025129635e-02 5.573983276331941072e-03 7.472121970980315220e-03 7.472121970980315220e-03 4.201076669260388197e-03 6.416351402665598606e-04 5.573983276331941072e-03 3.023207722925282549e-03 -9.758097737773774663e-03 5.029253891291976877e-03 -8.366264871432729788e-03 6.120244384106123588e-05 3.023207722925282549e-03 -8.006894897989329241e-03 -8.148976368191588812e-03 1.363909024412380275e-03 -1.638714596682197891e-02 3.023207722925282549e-03 3.023207722925282549e-03 3.023207722925282549e-03 -3.295951997179618048e-03 -9.758097737773774663e-03 -8.148976368191588812e-03 -4.326716725377366228e-03 -1.238851796274398646e-03 -1.238851796274398646e-03 4.639514540170341581e-03 6.416351402665598606e-04 6.416351402665598606e-04 6.416351402665598606e-04 -1.238851796274398646e-03 -4.326716725377366228e-03 -1.016630708025129635e-02 4.639514540170341581e-03 4.201076669260388197e-03 -3.295951997179618048e-03 -1.638714596682197891e-02 -8.148976368191588812e-03 5.029253891291976877e-03 -1.016630708025129635e-02 -8.006894897989329241e-03 3.023207722925282549e-03 3.859618522148410436e-03 -4.326716725377366228e-03 -8.366264871432729788e-03 4.201076669260388197e-03 3.023207722925282549e-03 -1.638714596682197891e-02 -9.758097737773774663e-03 -1.638714596682197891e-02 3.023207722925282549e-03 4.201076669260388197e-03 4.639514540170341581e-03 -9.758097737773774663e-03 -4.326716725377366228e-03 1.363909024412380275e-03 6.120244384106123588e-05 3.859618522148410436e-03 -1.238851796274398646e-03 -9.758097737773774663e-03 -8.366264871432729788e-03 4.201076669260388197e-03 3.023207722925282549e-03 4.639514540170341581e-03 7.472121970980315220e-03 -1.638714596682197891e-02 3.859618522148410436e-03 6.120244384106123588e-05 -4.326716725377366228e-03 -8.006894897989329241e-03 7.472121970980315220e-03 5.029253891291976877e-03 -1.238851796274398646e-03 4.201076669260388197e-03 -1.638714596682197891e-02 -8.006894897989329241e-03 3.859618522148410436e-03 -8.148976368191588812e-03 5.029253891291976877e-03 -3.295951997179618048e-03 3.859618522148410436e-03 4.201076669260388197e-03 6.416351402665598606e-04 6.416351402665598606e-04 1.363909024412380275e-03 1.363909024412380275e-03 -9.758097737773774663e-03 -1.016630708025129635e-02 -8.148976368191588812e-03 1.363909024412380275e-03 3.859618522148410436e-03 6.416351402665598606e-04 6.416351402665598606e-04 -1.638714596682197891e-02 1.363909024412380275e-03 3.023207722925282549e-03 6.416351402665598606e-04 -8.148976368191588812e-03 1.363909024412380275e-03 5.029253891291976877e-03 3.859618522148410436e-03 -8.006894897989329241e-03 7.472121970980315220e-03 -8.006894897989329241e-03 -3.295951997179618048e-03 3.023207722925282549e-03 6.120244384106123588e-05 7.472121970980315220e-03 3.023207722925282549e-03 3.859618522148410436e-03 6.416351402665598606e-04 -3.295951997179618048e-03 3.859618522148410436e-03 -8.006894897989329241e-03 -1.238851796274398646e-03 6.120244384106123588e-05 5.029253891291976877e-03 3.859618522148410436e-03 -4.326716725377366228e-03 -8.366264871432729788e-03 -3.295951997179618048e-03 7.472121970980315220e-03 -9.758097737773774663e-03 3.859618522148410436e-03 3.859618522148410436e-03 3.859618522148410436e-03 3.859618522148410436e-03 6.120244384106123588e-05 -4.326716725377366228e-03 1.363909024412380275e-03 -3.295951997179618048e-03 -8.148976368191588812e-03 4.391782458347713407e-03 3.023207722925282549e-03 -3.295951997179618048e-03 4.391782458347713407e-03 4.201076669260388197e-03 4.391782458347713407e-03 -8.148976368191588812e-03 -9.758097737773774663e-03 5.029253891291976877e-03 7.472121970980315220e-03 3.023207722925282549e-03 -9.758097737773774663e-03 -8.366264871432729788e-03 4.639514540170341581e-03 -3.295951997179618048e-03 6.120244384106123588e-05 1.363909024412380275e-03 -8.148976368191588812e-03 -9.758097737773774663e-03 -8.366264871432729788e-03 -1.016630708025129635e-02 -8.148976368191588812e-03 3.023207722925282549e-03 5.029253891291976877e-03 -1.638714596682197891e-02 6.416351402665598606e-04 3.859618522148410436e-03 1.363909024412380275e-03 -1.016630708025129635e-02 -1.638714596682197891e-02 3.859618522148410436e-03 4.201076669260388197e-03 4.391782458347713407e-03 5.029253891291976877e-03 -1.638714596682197891e-02 -8.366264871432729788e-03 -1.238851796274398646e-03 -8.366264871432729788e-03 3.023207722925282549e-03 -4.326716725377366228e-03 5.573983276331941072e-03 4.639514540170341581e-03 1.363909024412380275e-03 -8.006894897989329241e-03 6.416351402665598606e-04 1.363909024412380275e-03 5.573983276331941072e-03 -3.295951997179618048e-03 3.859618522148410436e-03 7.472121970980315220e-03 5.573983276331941072e-03 1.363909024412380275e-03 4.391782458347713407e-03 6.120244384106123588e-05 6.120244384106123588e-05 3.023207722925282549e-03 -8.148976368191588812e-03 6.416351402665598606e-04 4.201076669260388197e-03 3.859618522148410436e-03 1.363909024412380275e-03 -4.326716725377366228e-03 -8.148976368191588812e-03 7.472121970980315220e-03 5.573983276331941072e-03 3.859618522148410436e-03 -8.006894897989329241e-03 -1.238851796274398646e-03 3.023207722925282549e-03 5.573983276331941072e-03 6.120244384106123588e-05 3.023207722925282549e-03 -1.016630708025129635e-02 -3.295951997179618048e-03 -9.758097737773774663e-03 5.029253891291976877e-03 -1.238851796274398646e-03 -1.638714596682197891e-02 3.859618522148410436e-03 4.391782458347713407e-03 3.023207722925282549e-03 5.029253891291976877e-03 3.023207722925282549e-03 3.023207722925282549e-03 -4.326716725377366228e-03 3.023207722925282549e-03 4.201076669260388197e-03 -1.638714596682197891e-02 4.639514540170341581e-03 -4.326716725377366228e-03 -9.758097737773774663e-03 -3.295951997179618048e-03 3.023207722925282549e-03 5.573983276331941072e-03 7.472121970980315220e-03 -8.006894897989329241e-03 4.201076669260388197e-03 4.639514540170341581e-03 4.201076669260388197e-03 4.391782458347713407e-03 5.573983276331941072e-03 4.391782458347713407e-03 1.363909024412380275e-03 4.201076669260388197e-03 -8.148976368191588812e-03 5.573983276331941072e-03 6.120244384106123588e-05 -8.148976368191588812e-03 -1.638714596682197891e-02 4.639514540170341581e-03 3.859618522148410436e-03 7.472121970980315220e-03 5.573983276331941072e-03 -3.295951997179618048e-03 3.023207722925282549e-03 4.391782458347713407e-03 5.573983276331941072e-03 -4.326716725377366228e-03 6.120244384106123588e-05 1.363909024412380275e-03 1.363909024412380275e-03 -4.326716725377366228e-03 5.029253891291976877e-03 5.573983276331941072e-03 4.201076669260388197e-03 4.391782458347713407e-03 -8.006894897989329241e-03 3.023207722925282549e-03 -4.326716725377366228e-03 3.859618522148410436e-03 -8.366264871432729788e-03 7.472121970980315220e-03 -8.148976368191588812e-03 4.201076669260388197e-03 -8.148976368191588812e-03 3.859618522148410436e-03 1.363909024412380275e-03 4.639514540170341581e-03 -3.295951997179618048e-03 3.859618522148410436e-03 4.639514540170341581e-03 3.859618522148410436e-03 -1.016630708025129635e-02 -3.295951997179618048e-03 -8.366264871432729788e-03 4.391782458347713407e-03 5.029253891291976877e-03
-1.708961234965815021e-02 -1.205492938831779007e-02 -4.532442791170779306e-03 -5.822856963396162711e-03 -1.270623904135258437e-03 -2.460207063541245570e-04 -1.326283886621968701e-02 1.122044246554684214e-03 -1.386880168250590167e-03 -4.302640983767328821e-03 1.309522322937934019e-03 -3.693732240101780823e-03 -2.460207063541245570e-04 -1.341391781983762056e-02 -4.532442791170779306e-03 -4.895072285786428038e-04 -4.302640983767328821e-03 -2.460207063541245570e-04 -5.822856963396162711e-03 -4.869285776488071864e-03 -6.734727685593288986e-03 1.122044246554684214e-03 -4.895072285786428038e-04 -1.270623904135258437e-03 -1.270623904135258437e-03 -1.386880168250590167e-03 -4.302640983767328821e-03 -4.895072285786428038e-04 -4.532442791170779306e-03 -7.822952203943207145e-03 -2.460207063541245570e-04 -1.205492938831779007e-02 2.821245784297138738e-04 -4.532442791170779306e-03 -1.341391781983762056e-02 -1.326283886621968701e-02 -3.693732240101780823e-03 -1.708961234965815021e-02 -4.532442791170779306e-03 -4.532442791170779306e-03 -4.532442791170779306e-03 -5.822856963396162711e-03 -7.822952203943207145e-03 -1.326283886621968701e-02 -6.734727685593288986e-03 1.309522322937934019e-03 1.309522322937934019e-03 9.034094873714013790e-03 -4.302640983767328821e-03 -4.302640983767328821e-03 -4.302640983767328821e-03 1.309522322937934019e-03 -6.734727685593288986e-03 1.122044246554684214e-03 9.034094873714013790e-03 -1.386880168250590167e-03 -5.822856963396162711e-03 -1.708961234965815021e-02 -1.326283886621968701e-02 -2.460207063541245570e-04 1.122044246554684214e-03 -1.341391781983762056e-02 -4.532442791170779306e-03 -4.869285776488071864e-03 -6.734727685593288986e-03 -1.205492938831779007e-02 -1.386880168250590167e-03 -4.532442791170779306e-03 -1.708961234965815021e-02 -7.822952203943207145e-03 -1.708961234965815021e-02 -4.532442791170779306e-03 -1.386880168250590167e-03 9.034094873714013790e-03 -7.822952203943207145e-03 -6.734727685593288986e-03 -3.693732240101780823e-03 2.821245784297138738e-04 -4.869285776488071864e-03 1.309522322937934019e-03 -7.822952203943207145e-03 -1.205492938831779007e-02 -1.386880168250590167e-03 -4.532442791170779306e-03 9.034094873714013790e-03 -1.270623904135258437e-03 -1.708961234965815021e-02 -4.869285776488071864e-03 2.821245784297138738e-04 -6.734727685593288986e-03 -1.341391781983762056e-02 -1.270623904135258437e-03 -2.460207063541245570e-04 1.309522322937934019e-03 -1.386880168250590167e-03 -1.708961234965815021e-02 -1.341391781983762056e-02 -4.869285776488071864e-03 -1.326283886621968701e-02 -2.460207063541245570e-04 -5.822856963396162711e-03 -4.869285776488071864e-03 -1.386880168250590167e-03 -4.302640983767328821e-03 -4.302640983767328821e-03 -3.693732240101780823e-03 -3.693732240101780823e-03 -7.822952203943207145e-03 1.122044246554684214e-03 -1.326283886621968701e-02 -3.693732240101780823e-03 -4.869285776488071864e-03 -4.302640983767328821e-03 -4.302640983767328821e-03 -1.708961234965815021e-02 -3.693732240101780823e-03 -4.532442791170779306e-03 -4.302640983767328821e-03 -1.326283886621968701e-02 -3.693732240101780823e-03 -2.460207063541245570e-04 -4.869285776488071864e-03 -1.341391781983762056e-02 -1.270623904135258437e-03 -1.341391781983762056e-02 -5.822856963396162711e-03 -4.532442791170779306e-03 2.821245784297138738e-04 -1.270623904135258437e-03 -4.532442791170779306e-03 -4.869285776488071864e-03 -4.302640983767328821e-03 -5.822856963396162711e-03 -4.869285776488071864e-03 -1.341391781983762056e-02 1.309522322937934019e-03 2.821245784297138738e-04 -2.460207063541245570e-04 -4.869285776488071864e-03 -6.734727685593288986e-03 -1.205492938831779007e-02 -5.822856963396162711e-03 -1.270623904135258437e-03 -7.822952203943207145e-03 -4.869285776488071864e-03 -4.869285776488071864e-03 -4.869285776488071864e-03 -4.869285776488071864e-03 2.821245784297138738e-04 -6.734727685593288986e-03 -3.693732240101780823e-03 -5.822856963396162711e-03 -1.326283886621968701e-02 -1.691993367899815139e-03 -4.532442791170779306e-03 -5.822856963396162711e-03 -1.691993367899815139e-03 -1.386880168250590167e-03 -1.691993367899815139e-03 -1.326283886621968701e-02 -7.822952203943207145e-03 -2.460207063541245570e-04 -1.270623904135258437e-03 -4.532442791170779306e-03 -7.822952203943207145e-03 -1.205492938831779007e-02 9.034094873714013790e-03 -5.822856963396162711e-03 2.821245784297138738e-04 -3.693732240101780823e-03 -1.326283886621968701e-02 -7.822952203943207145e-03 -1.205492938831779007e-02 1.122044246554684214e-03 -1.326283886621968701e-02 -4.532442791170779306e-03 -2.460207063541245570e-04 -1.708961234965815021e-02 -4.302640983767328821e-03 -4.869285776488071864e-03 -3.693732240101780823e-03 1.122044246554684214e-03 -1.708961234965815021e-02 -4.869285776488071864e-03 -1.386880168250590167e-03 -1.691993367899815139e-03 -2.460207063541245570e-04 -1.708961234965815021e-02 -1.205492938831779007e-02 1.309522322937934019e-03 -1.205492938831779007e-02 -4.532442791170779306e-03 -6.734727685593288986e-03 -4.895072285786428038e-04 9.034094873714013790e-03 -3.693732240101780823e-03 -1.341391781983762056e-02 -4.302640983767328821e-03 -3.693732240101780823e-03 -4.895072285786428038e-04 -5.822856963396162711e-03 -4.869285776488071864e-03 -1.270623904135258437e-03 -4.895072285786428038e-04 -3.693732240101780823e-03 -1.691993367899815139e-03 2.821245784297138738e-04 2.821245784297138738e-04 -4.532442791170779306e-03 -1.326283886621968701e-02 -4.302640983767328821e-03 -1.386880168250590167e-03 -4.869285776488071864e-03 -3.693732240101780823e-03 -6.734727685593288986e-03 -1.326283886621968701e-02 -1.270623904135258437e-03 -4.895072285786428038e-04 -4.869285776488071864e-03 -1.341391781983762056e-02 1.309522322937934019e-03 -4.532442791170779306e-03 -4.895072285786428038e-04 2.821245784297138738e-04 -4.532442791170779306e-03 1.122044246554684214e-03 -5.822856963396162711e-03 -7.822952203943207145e-03 -2.460207063541245570e-04 1.309522322937934019e-03 -1.708961234965815021e-02 -4.869285776488071864e-03 -1.691993367899815139e-03 -4.532442791170779306e-03 -2.460207063541245570e-04 -4.532442791170779306e-03 -4.532442791170779306e-03 -6.734727685593288986e-03 -4.532442791170779306e-03 -1.386880168250590167e-03 -1.708961234965815021e-02 9.034094873714013790e-03 -6.734727685593288986e-03 -7.822952203943207145e-03 -5.822856963396162711e-03 -4.532442791170779306e-03 -4.895072285786428038e-04 -1.270623904135258437e-03 -1.341391781983762056e-02 -1.386880168250590167e-03 9.034094873714013790e-03 -1.386880168250590167e-03 -1.691993367899815139e-03 -4.895072285786428038e-04 -1.691993367899815139e-03 -3.693732240101780823e-03 -1.386880168250590167e-03 -1.326283886621968701e-02 -4.895072285786428038e-04 2.821245784297138738e-04 -1.326283886621968701e-02 -1.708961234965815021e-02 9.034094873714013790e-03 -4.869285776488071864e-03 -1.270623904135258437e-03 -4.895072285786428038e-04 -5.822856963396162711e-03 -4.532442791170779306e-03 -1.691993367899815139e-03 -4.895072285786428038e-04 -6.734727685593288986e-03 2.821245784297138738e-04 -3.693732240101780823e-03 -3.693732240101780823e-03 -6.734727685593288986e-03 -2.460207063541245570e-04 -4.895072285786428038e-04 -1.386880168250590167e-03 -1.691993367899815139e-03 -1.341391781983762056e-02 -4.532442791170779306e-03 -6.734727685593288986e-03 -4.869285776488071864e-03 -1.205492938831779007e-02 -1.270623904135258437e-03 -1.326283886621968701e-02 -1.386880168250590167e-03 -1.326283886621968701e-02 -4.869285776488071864e-03 -3.693732240101780823e-03 9.034094873714013790e-03 -5.822856963396162711e-03 -4.869285776488071864e-03 9.034094873714013790e-03 -4.869285776488071864e-03 1.122044246554684214e-03 -5.822856963396162711e-03 -1.205492938831779007e-02 -1.691993367899815139e-03 -2.460207063541245570e-04
-1.708961234965815021e-02 -1.205492938831779007e-02 -4.532442791170779306e-03 -5.822856963396162711e-03 -1.270623904135258437e-03 -2.460207063541245570e-04 -1.326283886621968701e-02 1.122044246554684214e-03 -1.386880168250590167e-03 -4.302640983767328821e-03 1.309522322937934019e-03 -3.693732240101780823e-03 -2.460207063541245570e-04 -1.341391781983762056e-02 -4.532442791170779306e-03 -4.895072285786428038e-04 -4.302640983767328821e-03 -2.460207063541245570e-04 -5.822856963396162711e-03 -4.869285776488071864e-03 -6.734727685593288986e-03 1.122044246554684214e-03 -4.895072285786428038e-04 -1.270623904135258437e-03 -1.270623904135258437e-03 -1.386880168250590167e-03 -4.302640983767328821e-03 -4.895072285786428038e-04 -4.532442791170779306e-03 -7.822952203943207145e-03 -2.460207063541245570e-04 -1.205492938831779007e-02 2.821245784297138738e-04 -4.532442791170779306e-03 -1.341391781983762056e-02 -1.326283886621968701e-02 -3.693732240101780823e-03 -1.708961234965815021e-02 -4.532442791170779306e-03 -4.532442791170779306e-03 -4.532442791170779306e-03 -5.822856963396162711e-03 -7.822952203943207145e-03 -1.326283886621968701e-02 -6.734727685593288986e-03 1.309522322937934019e-03 1.309522322937934019e-03 9.034094873714013790e-03 -4.302640983767328821e-03 -4.302640983767328821e-03 -4.302640983767328821e-03 1.309522322937934019e-03 -6.734727685593288986e-03 1.122044246554684214e-03 9.034094873714013790e-03 -1.386880168250590167e-03 -5.822856963396162711e-03 -1.708961234965815021e-02 -1.326283886621968701e-02 -2.460207063541245570e-04 1.122044246554684214e-03 -1.341391781983762056e-02 -4.532442791170779306e-03 -4.869285776488071864e-03 -6.734727685593288986e-03 -1.205492938831779007e-02 -1.386880168250590167e-03 -4.532442791170779306e-03 -1.708961234965815021e-02 -7.822952203943207145e-03 -1.708961234965815021e-02 -4.532442791170779306e-03 -1.386880168250590167e-03 9.034094873714013790e-03 -7.822952203943207145e-03 -6.734727685593288986e-03 -3.693732240101780823e-03 2.821245784297138738e-04 -4.869285776488071864e-03 1.309522322937934019e-03 -7.822952203943207145e-03 -1.205492938831779007e-02 -1.386880168250590167e-03 -4.532442791170779306e-03 9.034094873714013790e-03 -1.270623904135258437e-03 -1.708961234965815021e-02 -4.869285776488071864e-03 2.821245784297138738e-04 -6.734727685593288986e-03 -1.341391781983762056e-02 -1.270623904135258437e-03 -2.460207063541245570e-04 1.309522322937934019e-03 -1.386880168250590167e-03 -1.708961234965815021e-02 -1.341391781983762056e-02 -4.869285776488071864e-03 -1.326283886621968701e-02 -2.460207063541245570e-04 -5.822856963396162711e-03 -4.869285776488071864e-03 -1.386880168250590167e-03 -4.302640983767328821e-03 -4.302640983767328821e-03 -3.693732240101780823e-03 -3.693732240101780823e-03 -7.822952203943207145e-03 1.122044246554684214e-03 -1.326283886621968701e-02 -3.693732240101780823e-03 -4.869285776488071864e-03 -4.302640983767328821e-03 -4.302640983767328821e-03 -1.708961234965815021e-02 -3.693732240101780823e-03 -4.532442791170779306e-03 -4.302640983767328821e-03 -1.326283886621968701e-02 -3.693732240101780823e-03 -2.460207063541245570e-04 -4.869285776488071864e-03 -1.341391781983762056e-02 -1.270623904135258437e-03 -1.341391781983762056e-02 -5.822856963396162711e-03 -4.532442791170779306e-03 2.821245784297138738e-04 -1.270623904135258437e-03 -4.532442791170779306e-03 -4.869285776488071864e-03 -4.302640983767328821e-03 -5.822856963396162711e-03 -4.869285776488071864e-03 -1.341391781983762056e-02 1.309522322937934019e-03 2.821245784297138738e-04 -2.460207063541245570e-04 -4.869285776488071864e-03 -6.734727685593288986e-03 -1.205492938831779007e-02 -5.822856963396162711e-03 -1.270623904135258437e-03 -7.822952203943207145e-03 -4.869285776488071864e-03 -4.869285776488071864e-03 -4.869285776488071864e-03 -4.869285776488071864e-03 2.821245784297138738e-04 -6.734727685593288986e-03 -3.693732240101780823e-03 -5.822856963396162711e-03 -1.326283886621968701e-02 -1.691993367899815139e-03 -4.532442791170779306e-03 -5.822856963396162711e-03 -1.691993367899815139e-03 -1.386880168250590167e-03 -1.691993367899815139e-03 -1.326283886621968701e-02 -7.822952203943207145e-03 -2.460207063541245570e-04 -1.270623904135258437e-03 -4.532442791170779306e-03 -7.822952203943207145e-03 -1.205492938831779007e-02 9.034094873714013790e-03 -5.822856963396162711e-03 2.821245784297138738e-04 -3.693732240101780823e-03 -1.326283886621968701e-02 -7.822952203943207145e-03 -1.205492938831779007e-02 1.122044246554684214e-03 -1.326283886621968701e-02 -4.532442791170779306e-03 -2.460207063541245570e-04 -1.708961234965815021e-02 -4.302640983767328821e-03 -4.869285776488071864e-03 -3.693732240101780823e-03 1.122044246554684214e-03 -1.708961234965815021e-02 -4.869285776488071864e-03 -1.386880168250590167e-03 -1.691993367899815139e-03 -2.460207063541245570e-04 -1.708961234965815021e-02 -1.205492938831779007e-02 1.309522322937934019e-03 -1.205492938831779007e-02 -4.532442791170779306e-03 -6.734727685593288986e-03 -4.895072285786428038e-04 9.034094873714013790e-03 -3.693732240101780823e-03 -1.341391781983762056e-02 -4.302640983767328821e-03 -3.693732240101780823e-03 -4.895072285786428038e-04 -5.822856963396162711e-03 -4.869285776488071864e-03 -1.270623904135258437e-03 -4.895072285786428038e-04 -3.693732240101780823e-03 -1.691993367899815139e-03 2.821245784297138738e-04 2.821245784297138738e-04 -4.532442791170779306e-03 -1.326283886621968701e-02 -4.302640983767328821e-03 -1.386880168250590167e-03 -4.869285776488071864e-03 -3.693732240101780823e-03 -6.734727685593288986e-03 -1.326283886621968701e-02 -1.270623904135258437e-03 -4.895072285786428038e-04 -4.869285776488071864e-03 -1.341391781983762056e-02 1.309522322937934019e-03 -4.532442791170779306e-03 -4.895072285786428038e-04 2.821245784297138738e-04 -4.532442791170779306e-03 1.122044246554684214e-03 -5.822856963396162711e-03 -7.822952203943207145e-03 -2.460207063541245570e-04 1.309522322937934019e-03 -1.708961234965815021e-02 -4.869285776488071864e-03 -1.691993367899815139e-03 -4.532442791170779306e-03 -2.460207063541245570e-04 -4.532442791170779306e-03 -4.532442791170779306e-03 -6.734727685593288986e-03 -4.532442791170779306e-03 -1.386880168250590167e-03 -1.708961234965815021e-02 9.034094873714013790e-03 -6.734727685593288986e-03 -7.822952203943207145e-03 -5.822856963396162711e-03 -4.532442791170779306e-03 -4.895072285786428038e-04 -1.270623904135258437e-03 -1.341391781983762056e-02 -1.386880168250590167e-03 9.034094873714013790e-03 -1.386880168250590167e-03 -1.691993367899815139e-03 -4.895072285786428038e-04 -1.691993367899815139e-03 -3.693732240101780823e-03 -1.386880168250590167e-03 -1.326283886621968701e-02 -4.895072285786428038e-04 2.821245784297138738e-04 -1.326283886621968701e-02 -1.708961234965815021e-02 9.034094873714013790e-03 -4.869285776488071864e-03 -1.270623904135258437e-03 -4.895072285786428038e-04 -5.822856963396162711e-03 -4.532442791170779306e-03 -1.691993367899815139e-03 -4.895072285786428038e-04 -6.734727685593288986e-03 2.821245784297138738e-04 -3.693732240101780823e-03 -3.693732240101780823e-03 -6.734727685593288986e-03 -2.460207063541245570e-04 -4.895072285786428038e-04 -1.386880168250590167e-03 -1.691993367899815139e-03 -1.341391781983762056e-02 -4.532442791170779306e-03 -6.734727685593288986e-03 -4.869285776488071864e-03 -1.205492938831779007e-02 -1.270623904135258437e-03 -1.326283886621968701e-02 -1.386880168250590167e-03 -1.326283886621968701e-02 -4.869285776488071864e-03 -3.693732240101780823e-03 9.034094873714013790e-03 -5.822856963396162711e-03 -4.869285776488071864e-03 9.034094873714013790e-03 -4.869285776488071864e-03 1.122044246554684214e-03 -5.822856963396162711e-03 -1.205492938831779007e-02 -1.691993367899815139e-03 -2.460207063541245570e-04
-1.969946408726937562e-02 -8.561567347678981921e-03 -9.486870330794769726e-03 -8.523594562716946613e-03 -1.249018574136068031e-02 -1.145372297700779189e-02 -9.234455632702993216e-03 -1.941822478803148164e-02 -9.472413907449725445e-03 6.025345681079509290e-03 -8.006009395724780764e-03 -1.062304067181164130e-02 -1.145372297700779189e-02 -1.621181029389709427e-02 -9.486870330794769726e-03 -1.146955442585535778e-02 6.025345681079509290e-03 -1.145372297700779189e-02 -8.523594562716946613e-03 -5.158266801654288851e-03 -1.053999546306619468e-02 -1.941822478803148164e-02 -1.146955442585535778e-02 -1.249018574136068031e-02 -1.249018574136068031e-02 -9.472413907449725445e-03 6.025345681079509290e-03 -1.146955442585535778e-02 -9.486870330794769726e-03 -1.642249488603502242e-02 -1.145372297700779189e-02 -8.561567347678981921e-03 -1.197870632938120156e-02 -9.486870330794769726e-03 -1.621181029389709427e-02 -9.234455632702993216e-03 -1.062304067181164130e-02 -1.969946408726937562e-02 -9.486870330794769726e-03 -9.486870330794769726e-03 -9.486870330794769726e-03 -8.523594562716946613e-03 -1.642249488603502242e-02 -9.234455632702993216e-03 -1.053999546306619468e-02 -8.006009395724780764e-03 -8.006009395724780764e-03 -1.178906086675257300e-02 6.025345681079509290e-03 6.025345681079509290e-03 6.025345681079509290e-03 -8.006009395724780764e-03 -1.053999546306619468e-02 -1.941822478803148164e-02 -1.178906086675257300e-02 -9.472413907449725445e-03 -8.523594562716946613e-03 -1.969946408726937562e-02 -9.234455632702993216e-03 -1.145372297700779189e-02 -1.941822478803148164e-02 -1.621181029389709427e-02 -9.486870330794769726e-03 -5.158266801654288851e-03 -1.053999546306619468e-02 -8.561567347678981921e-03 -9.472413907449725445e-03 -9.486870330794769726e-03 -1.969946408726937562e-02 -1.642249488603502242e-02 -1.969946408726937562e-02 -9.486870330794769726e-03 -9.472413907449725445e-03 -1.178906086675257300e-02 -1.642249488603502242e-02 -1.053999546306619468e-02 -1.062304067181164130e-02 -1.197870632938120156e-02 -5.158266801654288851e-03 -8.006009395724780764e-03 -1.642249488603502242e-02 -8.561567347678981921e-03 -9.472413907449725445e-03 -9.486870330794769726e-03 -1.178906086675257300e-02 -1.249018574136068031e-02 -1.969946408726937562e-02 -5.158266801654288851e-03 -1.197870632938120156e-02 -1.053999546306619468e-02 -1.621181029389709427e-02 -1.249018574136068031e-02 -1.145372297700779189e-02 -8.006009395724780764e-03 -9.472413907449725445e-03 -1.969946408726937562e-02 -1.621181029389709427e-02 -5.158266801654288851e-03 -9.234455632702993216e-03 -1.145372297700779189e-02 -8.523594562716946613e-03 -5.158266801654288851e-03 -9.472413907449725445e-03 6.025345681079509290e-03 6.025345681079509290e-03 -1.062304067181164130e-02 -1.062304067181164130e-02 -1.642249488603502242e-02 -1.941822478803148164e-02 -9.234455632702993216e-03 -1.062304067181164130e-02 -5.158266801654288851e-03 6.025345681079509290e-03 6.025345681079509290e-03 -1.969946408726937562e-02 -1.062304067181164130e-02 -9.486870330794769726e-03 6.025345681079509290e-03 -9.234455632702993216e-03 -1.062304067181164130e-02 -1.145372297700779189e-02 -5.158266801654288851e-03 -1.621181029389709427e-02 -1.249018574136068031e-02 -1.621181029389709427e-02 -8.523594562716946613e-03 -9.486870330794769726e-03 -1.197870632938120156e-02 -1.249018574136068031e-02 -9.486870330794769726e-03 -5.158266801654288851e-03 6.025345681079509290e-03 -8.523594562716946613e-03 -5.158266801654288851e-03 -1.621181029389709427e-02 -8.006009395724780764e-03 -1.197870632938120156e-02 -1.145372297700779189e-02 -5.158266801654288851e-03 -1.053999546306619468e-02 -8.561567347678981921e-03 -8.523594562716946613e-03 -1.249018574136068031e-02 -1.642249488603502242e-02 -5.158266801654288851e-03 -5.158266801654288851e-03 -5.158266801654288851e-03 -5.158266801654288851e-03 -1.197870632938120156e-02 -1.053999546306619468e-02 -1.062304067181164130e-02 -8.523594562716946613e-03 -9.234455632702993216e-03 -1.046761234938228292e-02 -9.486870330794769726e-03 -8.523594562716946613e-03 -1.046761234938228292e-02 -9.472413907449725445e-03 -1.046761234938228292e-02 -9.234455632702993216e-03 -1.642249488603502242e-02 -1.145372297700779189e-02 -1.249018574136068031e-02 -9.486870330794769726e-03 -1.642249488603502242e-02 -8.561567347678981921e-03 -1.178906086675257300e-02 -8.523594562716946613e-03 -1.197870632938120156e-02 -1.062304067181164130e-02 -9.234455632702993216e-03 -1.642249488603502242e-02 -8.561567347678981921e-03 -1.941822478803148164e-02 -9.234455632702993216e-03 -9.486870330794769726e-03 -1.145372297700779189e-02 -1.969946408726937562e-02 6.025345681079509290e-03 -5.158266801654288851e-03 -1.062304067181164130e-02 -1.941822478803148164e-02 -1.969946408726937562e-02 -5.158266801654288851e-03 -9.472413907449725445e-03 -1.046761234938228292e-02 -1.145372297700779189e-02 -1.969946408726937562e-02 -8.561567347678981921e-03 -8.006009395724780764e-03 -8.561567347678981921e-03 -9.486870330794769726e-03 -1.053999546306619468e-02 -1.146955442585535778e-02 -1.178906086675257300e-02 -1.062304067181164130e-02 -1.621181029389709427e-02 6.025345681079509290e-03 -1.062304067181164130e-02 -1.146955442585535778e-02 -8.523594562716946613e-03 -5.158266801654288851e-03 -1.249018574136068031e-02 -1.146955442585535778e-02 -1.062304067181164130e-02 -1.046761234938228292e-02 -1.197870632938120156e-02 -1.197870632938120156e-02 -9.486870330794769726e-03 -9.234455632702993216e-03 6.025345681079509290e-03 -9.472413907449725445e-03 -5.158266801654288851e-03 -1.062304067181164130e-02 -1.053999546306619468e-02 -9.234455632702993216e-03 -1.249018574136068031e-02 -1.146955442585535778e-02 -5.158266801654288851e-03 -1.621181029389709427e-02 -8.006009395724780764e-03 -9.486870330794769726e-03 -1.146955442585535778e-02 -1.197870632938120156e-02 -9.486870330794769726e-03 -1.941822478803148164e-02 -8.523594562716946613e-03 -1.642249488603502242e-02 -1.145372297700779189e-02 -8.006009395724780764e-03 -1.969946408726937562e-02 -5.158266801654288851e-03 -1.046761234938228292e-02 -9.486870330794769726e-03 -1.145372297700779189e-02 -9.486870330794769726e-03 -9.486870330794769726e-03 -1.053999546306619468e-02 -9.486870330794769726e-03 -9.472413907449725445e-03 -1.969946408726937562e-02 -1.178906086675257300e-02 -1.053999546306619468e-02 -1.642249488603502242e-02 -8.523594562716946613e-03 -9.486870330794769726e-03 -1.146955442585535778e-02 -1.249018574136068031e-02 -1.621181029389709427e-02 -9.472413907449725445e-03 -1.178906086675257300e-02 -9.472413907449725445e-03 -1.046761234938228292e-02 -1.146955442585535778e-02 -1.046761234938228292e-02 -1.062304067181164130e-02 -9.472413907449725445e-03 -9.234455632702993216e-03 -1.146955442585535778e-02 -1.197870632938120156e-02 -9.234455632702993216e-03 -1.969946408726937562e-02 -1.178906086675257300e-02 -5.158266801654288851e-03 -1.249018574136068031e-02 -1.146955442585535778e-02 -8.523594562716946613e-03 -9.486870330794769726e-03 -1.046761234938228292e-02 -1.146955442585535778e-02 -1.053999546306619468e-02 -1.197870632938120156e-02 -1.062304067181164130e-02 -1.062304067181164130e-02 -1.053999546306619468e-02 -1.145372297700779189e-02 -1.146955442585535778e-02 -9.472413907449725445e-03 -1.046761234938228292e-02 -1.621181029389709427e-02 -9.486870330794769726e-03 -1.053999546306619468e-02 -5.158266801654288851e-03 -8.561567347678981921e-03 -1.249018574136068031e-02 -9.234455632702993216e-03 -9.472413907449725445e-03 -9.234455632702993216e-03 -5.158266801654288851e-03 -1.062304067181164130e-02 -1.178906086675257300e-02 -8.523594562716946613e-03 -5.158266801654288851e-03 -1.178906086675257300e-02 -5.158266801654288851e-03 -1.941822478803148164e-02 -8.523594562716946613e-03 -8.561567347678981921e-03 -1.046761234938228292e-02 -1.145372297700779189e-02
-1.969946408726937562e-02 -8.561567347678981921e-03 -9.486870330794769726e-03 -8.523594562716946613e-03 -1.249018574136068031e-02 -1.145372297700779189e-02 -9.234455632702993216e-03 -1.941822478803148164e-02 -9.472413907449725445e-03 6.025345681079509290e-03 -8.006009395724780764e-03 -1.062304067181164130e-02 -1.145372297700779189e-02 -1.621181029389709427e-02 -9.486870330794769726e-03 -1.146955442585535778e-02 6.025345681079509290e-03 -1.145372297700779189e-02 -8.523594562716946613e-03 -5.158266801654288851e-03 -1.053999546306619468e-02 -1.941822478803148164e-02 -1.146955442585535778e-02 -1.249018574136068031e-02 -1.249018574136068031e-02 -9.472413907449725445e-03 6.025345681079509290e-03 -1.146955442585535778e-02 -9.486870330794769726e-03 -1.642249488603502242e-02 -1.145372297700779189e-02 -8.561567347678981921e-03 -1.197870632938120156e-02 -9.486870330794769726e-03 -1.621181029389709427e-02 -9.234455632702993216e-03 -1.062304067181164130e-02 -1.969946408726937562e-02 -9.486870330794769726e-03 -9.486870330794769726e-03 -9.486870330794769726e-03 -8.523594562716946613e-03 -1.642249488603502242e-02 -9.234455632702993216e-03 -1.053999546306619468e-02 -8.006009395724780764e-03 -8.006009395724780764e-03 -1.178906086675257300e-02 6.025345681079509290e-03 6.025345681079509290e-03 6.025345681079509290e-03 -8.006009395724780764e-03 -1.053999546306619468e-02 -1.941822478803148164e-02 -1.178906086675257300e-02 -9.472413907449725445e-03 -8.523594562716946613e-03 -1.969946408726937562e-02 -9.234455632702993216e-03 -1.145372297700779189e-02 -1.941822478803148164e-02 -1.621181029389709427e-02 -9.486870330794769726e-03 -5.158266801654288851e-03 -1.053999546306619468e-02 -8.561567347678981921e-03 -9.472413907449725445e-03 -9.486870330794769726e-03 -1.969946408726937562e-02 -1.642249488603502242e-02 -1.969946408726937562e-02 -9.486870330794769726e-03 -9.472413907449725445e-03 -1.178906086675257300e-02 -1.642249488603502242e-02 -1.053999546306619468e-02 -1.062304067181164130e-02 -1.197870632938120156e-02 -5.158266801654288851e-03 -8.006009395724780764e-03 -1.642249488603502242e-02 -8.561567347678981921e-03 -9.472413907449725445e-03 -9.486870330794769726e-03 -1.178906086675257300e-02 -1.249018574136068031e-02 -1.969946408726937562e-02 -5.158266801654288851e-03 -1.197870632938120156e-02 -1.053999546306619468e-02 -1.621181029389709427e-02 -1.249018574136068031e-02 -1.145372297700779189e-02 -8.006009395724780764e-03 -9.472413907449725445e-03 -1.969946408726937562e-02 -1.621181029389709427e-02 -5.158266801654288851e-03 -9.234455632702993216e-03 -1.145372297700779189e-02 -8.523594562716946613e-03 -5.158266801654288851e-03 -9.472413907449725445e-03 6.025345681079509290e-03 6.025345681079509290e-03 -1.062304067181164130e-02 -1.062304067181164130e-02 -1.642249488603502242e-02 -1.941822478803148164e-02 -9.234455632702993216e-03 -1.062304067181164130e-02 -5.158266801654288851e-03 6.025345681079509290e-03 6.025345681079509290e-03 -1.969946408726937562e-02 -1.062304067181164130e-02 -9.486870330794769726e-03 6.025345681079509290e-03 -9.234455632702993216e-03 -1.062304067181164130e-02 -1.145372297700779189e-02 -5.158266801654288851e-03 -1.621181029389709427e-02 -1.249018574136068031e-02 -1.621181029389709427e-02 -8.523594562716946613e-03 -9.486870330794769726e-03 -1.197870632938120156e-02 -1.249018574136068031e-02 -9.486870330794769726e-03 -5.158266801654288851e-03 6.025345681079509290e-03 -8.523594562716946613e-03 -5.158266801654288851e-03 -1.621181029389709427e-02 -8.006009395724780764e-03 -1.197870632938120156e-02 -1.145372297700779189e-02 -5.158266801654288851e-03 -1.053999546306619468e-02 -8.561567347678981921e-03 -8.523594562716946613e-03 -1.249018574136068031e-02 -1.642249488603502242e-02 -5.158266801654288851e-03 -5.158266801654288851e-03 -5.158266801654288851e-03 -5.158266801654288851e-03 -1.197870632938120156e-02 -1.053999546306619468e-02 -1.062304067181164130e-02 -8.523594562716946613e-03 -9.234455632702993216e-03 -1.046761234938228292e-02 -9.486870330794769726e-03 -8.523594562716946613e-03 -1.046761234938228292e-02 -9.472413907449725445e-03 -1.046761234938228292e-02 -9.234455632702993216e-03 -1.642249488603502242e-02 -1.145372297700779189e-02 -1.249018574136068031e-02 -9.486870330794769726e-03 -1.642249488603502242e-02 -8.561567347678981921e-03 -1.178906086675257300e-02 -8.523594562716946613e-03 -1.197870632938120156e-02 -1.062304067181164130e-02 -9.234455632702993216e-03 -1.642249488603502242e-02 -8.561567347678981921e-03 -1.941822478803148164e-02 -9.234455632702993216e-03 -9.486870330794769726e-03 -1.145372297700779189e-02 -1.969946408726937562e-02 6.025345681079509290e-03 -5.158266801654288851e-03 -1.062304067181164130e-02 -1.941822478803148164e-02 -1.969946408726937562e-02 -5.158266801654288851e-03 -9.472413907449725445e-03 -1.046761234938228292e-02 -1.145372297700779189e-02 -1.969946408726937562e-02 -8.561567347678981921e-03 -8.006009395724780764e-03 -8.561567347678981921e-03 -9.486870330794769726e-03 -1.053999546306619468e-02 -1.146955442585535778e-02 -1.178906086675257300e-02 -1.062304067181164130e-02 -1.621181029389709427e-02 6.025345681079509290e-03 -1.062304067181164130e-02 -1.146955442585535778e-02 -8.523594562716946613e-03 -5.158266801654288851e-03 -1.249018574136068031e-02 -1.146955442585535778e-02 -1.062304067181164130e-02 -1.046761234938228292e-02 -1.197870632938120156e-02 -1.197870632938120156e-02 -9.486870330794769726e-03 -9.234455632702993216e-03 6.025345681079509290e-03 -9.472413907449725445e-03 -5.158266801654288851e-03 -1.062304067181164130e-02 -1.053999546306619468e-02 -9.234455632702993216e-03 -1.249018574136068031e-02 -1.146955442585535778e-02 -5.158266801654288851e-03 -1.621181029389709427e-02 -8.006009395724780764e-03 -9.486870330794769726e-03 -1.146955442585535778e-02 -1.197870632938120156e-02 -9.486870330794769726e-03 -1.941822478803148164e-02 -8.523594562716946613e-03 -1.642249488603502242e-02 -1.145372297700779189e-02 -8.006009395724780764e-03 -1.969946408726937562e-02 -5.158266801654288851e-03 -1.046761234938228292e-02 -9.486870330794769726e-03 -1.145372297700779189e-02 -9.486870330794769726e-03 -9.486870330794769726e-03 -1.053999546306619468e-02 -9.486870330794769726e-03 -9.472413907449725445e-03 -1.969946408726937562e-02 -1.178906086675257300e-02 -1.053999546306619468e-02 -1.642249488603502242e-02 -8.523594562716946613e-03 -9.486870330794769726e-03 -1.146955442585535778e-02 -1.249018574136068031e-02 -1.621181029389709427e-02 -9.472413907449725445e-03 -1.178906086675257300e-02 -9.472413907449725445e-03 -1.046761234938228292e-02 -1.146955442585535778e-02 -1.046761234938228292e-02 -1.062304067181164130e-02 -9.472413907449725445e-03 -9.234455632702993216e-03 -1.146955442585535778e-02 -1.197870632938120156e-02 -9.234455632702993216e-03 -1.969946408726937562e-02 -1.178906086675257300e-02 -5.158266801654288851e-03 -1.249018574136068031e-02 -1.146955442585535778e-02 -8.523594562716946613e-03 -9.486870330794769726e-03 -1.046761234938228292e-02 -1.146955442585535778e-02 -1.053999546306619468e-02 -1.197870632938120156e-02 -1.062304067181164130e-02 -1.062304067181164130e-02 -1.053999546306619468e-02 -1.145372297700779189e-02 -1.146955442585535778e-02 -9.472413907449725445e-03 -1.046761234938228292e-02 -1.621181029389709427e-02 -9.486870330794769726e-03 -1.053999546306619468e-02 -5.158266801654288851e-03 -8.561567347678981921e-03 -1.249018574136068031e-02 -9.234455632702993216e-03 -9.472413907449725445e-03 -9.234455632702993216e-03 -5.158266801654288851e-03 -1.062304067181164130e-02 -1.178906086675257300e-02 -8.523594562716946613e-03 -5.158266801654288851e-03 -1.178906086675257300e-02 -5.158266801654288851e-03 -1.941822478803148164e-02 -8.523594562716946613e-03 -8.561567347678981921e-03 -1.046761234938228292e-02 -1.145372297700779189e-02
-1.969946408726937562e-02 -8.561567347678981921e-03 -9.486870330794769726e-03 -8.523594562716946613e-03 -1.249018574136068031e-02 -1.145372297700779189e-02 -9.234455632702993216e-03 -1.941822478803148164e-02 -9.472413907449725445e-03 6.025345681079509290e-03 -8.006009395724780764e-03 -1.062304067181164130e-02 -1.145372297700779189e-02 -1.621181029389709427e-02 -9.486870330794769726e-03 -1.146955442585535778e-02 6.025345681079509290e-03 -1.145372297700779189e-02 -8.523594562716946613e-03 -5.158266801654288851e-03 -1.053999546306619468e-02 -1.941822478803148164e-02 -1.146955442585535778e-02 -1.249018574136068031e-02 -1.249018574136068031e-02 -9.472413907449725445e-03 6.025345681079509290e-03 -1.146955442585535778e-02 -9.486870330794769726e-03 -1.642249488603502242e-02 -1.145372297700779189e-02 -8.561567347678981921e-03 -1.197870632938120156e-02 -9.486870330794769726e-03 -1.621181029389709427e-02 -9.234455632702993216e-03 -1.062304067181164130e-02 -1.969946408726937562e-02 -9.486870330794769726e-03 -9.486870330794769726e-03 -9.486870330794769726e-03 -8.523594562716946613e-03 -1.642249488603502242e-02 -9.234455632702993216e-03 -1.053999546306619468e-02 -8.006009395724780764e-03 -8.006009395724780764e-03 -1.178906086675257300e-02 6.025345681079509290e-03 6.025345681079509290e-03 6.025345681079509290e-03 -8.006009395724780764e-03 -1.053999546306619468e-02 -1.941822478803148164e-02 -1.178906086675257300e-02 -9.472413907449725445e-03 -8.523594562716946613e-03 -1.969946408726937562e-02 -9.234455632702993216e-03 -1.145372297700779189e-02 -1.941822478803148164e-02 -1.621181029389709427e-02 -9.486870330794769726e-03 -5.158266801654288851e-03 -1.053999546306619468e-02 -8.561567347678981921e-03 -9.472413907449725445e-03 -9.486870330794769726e-03 -1.969946408726937562e-02 -1.642249488603502242e-02 -1.969946408726937562e-02 -9.486870330794769726e-03 -9.472413907449725445e-03 -1.178906086675257300e-02 -1.642249488603502242e-02 -1.053999546306619468e-02 -1.062304067181164130e-02 -1.197870632938120156e-02 -5.158266801654288851e-03 -8.006009395724780764e-03 -1.642249488603502242e-02 -8.561567347678981921e-03 -9.472413907449725445e-03 -9.486870330794769726e-03 -1.178906086675257300e-02 -1.249018574136068031e-02 -1.969946408726937562e-02 -5.158266801654288851e-03 -1.197870632938120156e-02 -1.053999546306619468e-02 -1.621181029389709427e-02 -1.249018574136068031e-02 -1.145372297700779189e-02 -8.006009395724780764e-03 -9.472413907449725445e-03 -1.969946408726937562e-02 -1.621181029389709427e-02 -5.158266801654288851e-03 -9.234455632702993216e-03 -1.145372297700779189e-02 -8.523594562716946613e-03 -5.158266801654288851e-03 -9.472413907449725445e-03 6.025345681079509290e-03 6.025345681079509290e-03 -1.062304067181164130e-02 -1.062304067181164130e-02 -1.642249488603502242e-02 -1.941822478803148164e-02 -9.234455632702993216e-03 -1.062304067181164130e-02 -5.158266801654288851e-03 6.025345681079509290e-03 6.025345681079509290e-03 -1.969946408726937562e-02 -1.062304067181164130e-02 -9.486870330794769726e-03 6.025345681079509290e-03 -9.234455632702993216e-03 -1.062304067181164130e-02 -1.145372297700779189e-02 -5.158266801654288851e-03 -1.621181029389709427e-02 -1.249018574136068031e-02 -1.621181029389709427e-02 -8.523594562716946613e-03 -9.486870330794769726e-03 -1.197870632938120156e-02 -1.249018574136068031e-02 -9.486870330794769726e-03 -5.158266801654288851e-03 6.025345681079509290e-03 -8.523594562716946613e-03 -5.158266801654288851e-03 -1.621181029389709427e-02 -8.006009395724780764e-03 -1.197870632938120156e-02 -1.145372297700779189e-02 -5.158266801654288851e-03 -1.053999546306619468e-02 -8.561567347678981921e-03 -8.523594562716946613e-03 -1.249018574136068031e-02 -1.642249488603502242e-02 -5.158266801654288851e-03 -5.158266801654288851e-03 -5.158266801654288851e-03 -5.158266801654288851e-03 -1.197870632938120156e-02 -1.053999546306619468e-02 -1.062304067181164130e-02 -8.523594562716946613e-03 -9.234455632702993216e-03 -1.046761234938228292e-02 -9.486870330794769726e-03 -8.523594562716946613e-03 -1.046761234938228292e-02 -9.472413907449725445e-03 -1.046761234938228292e-02 -9.234455632702993216e-03 -1.642249488603502242e-02 -1.145372297700779189e-02 -1.249018574136068031e-02 -9.486870330794769726e-03 -1.642249488603502242e-02 -8.561567347678981921e-03 -1.178906086675257300e-02 -8.523594562716946613e-03 -1.197870632938120156e-02 -1.062304067181164130e-02 -9.234455632702993216e-03 -1.642249488603502242e-02 -8.561567347678981921e-03 -1.941822478803148164e-02 -9.234455632702993216e-03 -9.486870330794769726e-03 -1.145372297700779189e-02 -1.969946408726937562e-02 6.025345681079509290e-03 -5.158266801654288851e-03 -1.062304067181164130e-02 -1.941822478803148164e-02 -1.969946408726937562e-02 -5.158266801654288851e-03 -9.472413907449725445e-03 -1.046761234938228292e-02 -1.145372297700779189e-02 -1.969946408726937562e-02 -8.561567347678981921e-03 -8.006009395724780764e-03 -8.561567347678981921e-03 -9.486870330794769726e-03 -1.053999546306619468e-02 -1.146955442585535778e-02 -1.178906086675257300e-02 -1.062304067181164130e-02 -1.621181029389709427e-02 6.025345681079509290e-03 -1.062304067181164130e-02 -1.146955442585535778e-02 -8.523594562716946613e-03 -5.158266801654288851e-03 -1.249018574136068031e-02 -1.146955442585535778e-02 -1.062304067181164130e-02 -1.046761234938228292e-02 -1.197870632938120156e-02 -1.197870632938120156e-02 -9.486870330794769726e-03 -9.234455632702993216e-03 6.025345681079509290e-03 -9.472413907449725445e-03 -5.158266801654288851e-03 -1.062304067181164130e-02 -1.053999546306619468e-02 -9.234455632702993216e-03 -1.249018574136068031e-02 -1.146955442585535778e-02 -5.158266801654288851e-03 -1.621181029389709427e-02 -8.006009395724780764e-03 -9.486870330794769726e-03 -1.146955442585535778e-02 -1.197870632938120156e-02 -9.486870330794769726e-03 -1.941822478803148164e-02 -8.523594562716946613e-03 -1.642249488603502242e-02 -1.145372297700779189e-02 -8.006009395724780764e-03 -1.969946408726937562e-02 -5.158266801654288851e-03 -1.046761234938228292e-02 -9.486870330794769726e-03 -1.145372297700779189e-02 -9.486870330794769726e-03 -9.486870330794769726e-03 -1.053999546306619468e-02 -9.486870330794769726e-03 -9.472413907449725445e-03 -1.969946408726937562e-02 -1.178906086675257300e-02 -1.053999546306619468e-02 -1.642249488603502242e-02 -8.523594562716946613e-03 -9.486870330794769726e-03 -1.146955442585535778e-02 -1.249018574136068031e-02 -1.621181029389709427e-02 -9.472413907449725445e-03 -1.178906086675257300e-02 -9.472413907449725445e-03 -1.046761234938228292e-02 -1.146955442585535778e-02 -1.046761234938228292e-02 -1.062304067181164130e-02 -9.472413907449725445e-03 -9.234455632702993216e-03 -1.146955442585535778e-02 -1.197870632938120156e-02 -9.234455632702993216e-03 -1.969946408726937562e-02 -1.178906086675257300e-02 -5.158266801654288851e-03 -1.249018574136068031e-02 -1.146955442585535778e-02 -8.523594562716946613e-03 -9.486870330794769726e-03 -1.046761234938228292e-02 -1.146955442585535778e-02 -1.053999546306619468e-02 -1.197870632938120156e-02 -1.062304067181164130e-02 -1.062304067181164130e-02 -1.053999546306619468e-02 -1.145372297700779189e-02 -1.146955442585535778e-02 -9.472413907449725445e-03 -1.046761234938228292e-02 -1.621181029389709427e-02 -9.486870330794769726e-03 -1.053999546306619468e-02 -5.158266801654288851e-03 -8.561567347678981921e-03 -1.249018574136068031e-02 -9.234455632702993216e-03 -9.472413907449725445e-03 -9.234455632702993216e-03 -5.158266801654288851e-03 -1.062304067181164130e-02 -1.178906086675257300e-02 -8.523594562716946613e-03 -5.158266801654288851e-03 -1.178906086675257300e-02 -5.158266801654288851e-03 -1.941822478803148164e-02 -8.523594562716946613e-03 -8.561567347678981921e-03 -1.046761234938228292e-02 -1.145372297700779189e-02
-1.969946408726937562e-02 -8.561567347678981921e-03 -9.486870330794769726e-03 -8.523594562716946613e-03 -1.249018574136068031e-02 -1.145372297700779189e-02 -9.234455632702993216e-03 -1.941822478803148164e-02 -9.472413907449725445e-03 6.025345681079509290e-03 -8.006009395724780764e-03 -1.062304067181164130e-02 -1.145372297700779189e-02 -1.621181029389709427e-02 -9.486870330794769726e-03 -1.146955442585535778e-02 6.025345681079509290e-03 -1.145372297700779189e-02 -8.523594562716946613e-03 -5.158266801654288851e-03 -1.053999546306619468e-02 -1.941822478803148164e-02 -1.146955442585535778e-02 -1.249018574136068031e-02 -1.249018574136068031e-02 -9.472413907449725445e-03 6.025345681079509290e-03 -1.146955442585535778e-02 -9.486870330794769726e-03 -1.642249488603502242e-02 -1.145372297700779189e-02 -8.561567347678981921e-03 -1.197870632938120156e-02 -9.486870330794769726e-03 -1.621181029389709427e-02 -9.234455632702993216e-03 -1.062304067181164130e-02 -1.969946408726937562e-02 -9.486870330794769726e-03 -9.486870330794769726e-03 -9.486870330794769726e-03 -8.523594562716946613e-03 -1.642249488603502242e-02 -9.234455632702993216e-03 -1.053999546306619468e-02 -8.006009395724780764e-03 -8.006009395724780764e-03 -1.178906086675257300e-02 6.025345681079509290e-03 6.025345681079509290e-03 6.025345681079509290e-03 -8.006009395724780764e-03 -1.053999546306619468e-02 -1.941822478803148164e-02 -1.178906086675257300e-02 -9.472413907449725445e-03 -8.523594562716946613e-03 -1.969946408726937562e-02 -9.234455632702993216e-03 -1.145372297700779189e-02 -1.941822478803148164e-02 -1.621181029389709427e-02 -9.486870330794769726e-03 -5.158266801654288851e-03 -1.053999546306619468e-02 -8.561567347678981921e-03 -9.472413907449725445e-03 -9.486870330794769726e-03 -1.969946408726937562e-02 -1.642249488603502242e-02 -1.969946408726937562e-02 -9.486870330794769726e-03 -9.472413907449725445e-03 -1.178906086675257300e-02 -1.642249488603502242e-02 -1.053999546306619468e-02 -1.062304067181164130e-02 -1.197870632938120156e-02 -5.158266801654288851e-03 -8.006009395724780764e-03 -1.642249488603502242e-02 -8.561567347678981921e-03 -9.472413907449725445e-03 -9.486870330794769726e-03 -1.178906086675257300e-02 -1.249018574136068031e-02 -1.969946408726937562e-02 -5.158266801654288851e-03 -1.197870632938120156e-02 -1.053999546306619468e-02 -1.621181029389709427e-02 -1.249018574136068031e-02 -1.145372297700779189e-02 -8.006009395724780764e-03 -9.472413907449725445e-03 -1.969946408726937562e-02 -1.621181029389709427e-02 -5.158266801654288851e-03 -9.234455632702993216e-03 -1.145372297700779189e-02 -8.523594562716946613e-03 -5.158266801654288851e-03 -9.472413907449725445e-03 6.025345681079509290e-03 6.025345681079509290e-03 -1.062304067181164130e-02 -1.062304067181164130e-02 -1.642249488603502242e-02 -1.941822478803148164e-02 -9.234455632702993216e-03 -1.062304067181164130e-02 -5.158266801654288851e-03 6.025345681079509290e-03 6.025345681079509290e-03 -1.969946408726937562e-02 -1.062304067181164130e-02 -9.486870330794769726e-03 6.025345681079509290e-03 -9.234455632702993216e-03 -1.062304067181164130e-02 -1.145372297700779189e-02 -5.158266801654288851e-03 -1.621181029389709427e-02 -1.249018574136068031e-02 -1.621181029389709427e-02 -8.523594562716946613e-03 -9.486870330794769726e-03 -1.197870632938120156e-02 -1.249018574136068031e-02 -9.486870330794769726e-03 -5.158266801654288851e-03 6.025345681079509290e-03 -8.523594562716946613e-03 -5.158266801654288851e-03 -1.621181029389709427e-02 -8.006009395724780764e-03 -1.197870632938120156e-02 -1.145372297700779189e-02 -5.158266801654288851e-03 -1.053999546306619468e-02 -8.561567347678981921e-03 -8.523594562716946613e-03 -1.249018574136068031e-02 -1.642249488603502242e-02 -5.158266801654288851e-03 -5.158266801654288851e-03 -5.158266801654288851e-03 -5.158266801654288851e-03 -1.197870632938120156e-02 -1.053999546306619468e-02 -1.062304067181164130e-02 -8.523594562716946613e-03 -9.234455632702993216e-03 -1.046761234938228292e-02 -9.486870330794769726e-03 -8.523594562716946613e-03 -1.046761234938228292e-02 -9.472413907449725445e-03 -1.046761234938228292e-02 -9.234455632702993216e-03 -1.642249488603502242e-02 -1.145372297700779189e-02 -1.249018574136068031e-02 -9.486870330794769726e-03 -1.642249488603502242e-02 -8.561567347678981921e-03 -1.178906086675257300e-02 -8.523594562716946613e-03 -1.197870632938120156e-02 -1.062304067181164130e-02 -9.234455632702993216e-03 -1.642249488603502242e-02 -8.561567347678981921e-03 -1.941822478803148164e-02 -9.234455632702993216e-03 -9.486870330794769726e-03 -1.145372297700779189e-02 -1.969946408726937562e-02 6.025345681079509290e-03 -5.158266801654288851e-03 -1.062304067181164130e-02 -1.941822478803148164e-02 -1.969946408726937562e-02 -5.158266801654288851e-03 -9.472413907449725445e-03 -1.046761234938228292e-02 -1.145372297700779189e-02 -1.969946408726937562e-02 -8.561567347678981921e-03 -8.006009395724780764e-03 -8.561567347678981921e-03 -9.486870330794769726e-03 -1.053999546306619468e-02 -1.146955442585535778e-02 -1.178906086675257300e-02 -1.062304067181164130e-02 -1.621181029389709427e-02 6.025345681079509290e-03 -1.062304067181164130e-02 -1.146955442585535778e-02 -8.523594562716946613e-03 -5.158266801654288851e-03 -1.249018574136068031e-02 -1.146955442585535778e-02 -1.062304067181164130e-02 -1.046761234938228292e-02 -1.197870632938120156e-02 -1.197870632938120156e-02 -9.486870330794769726e-03 -9.234455632702993216e-03 6.025345681079509290e-03 -9.472413907449725445e-03 -5.158266801654288851e-03 -1.062304067181164130e-02 -1.053999546306619468e-02 -9.234455632702993216e-03 -1.249018574136068031e-02 -1.146955442585535778e-02 -5.158266801654288851e-03 -1.621181029389709427e-02 -8.006009395724780764e-03 -9.486870330794769726e-03 -1.146955442585535778e-02 -1.197870632938120156e-02 -9.486870330794769726e-03 -1.941822478803148164e-02 -8.523594562716946613e-03 -1.642249488603502242e-02 -1.145372297700779189e-02 -8.006009395724780764e-03 -1.969946408726937562e-02 -5.158266801654288851e-03 -1.046761234938228292e-02 -9.486870330794769726e-03 -1.145372297700779189e-02 -9.486870330794769726e-03 -9.486870330794769726e-03 -1.053999546306619468e-02 -9.486870330794769726e-03 -9.472413907449725445e-03 -1.969946408726937562e-02 -1.178906086675257300e-02 -1.053999546306619468e-02 -1.642249488603502242e-02 -8.523594562716946613e-03 -9.486870330794769726e-03 -1.146955442585535778e-02 -1.249018574136068031e-02 -1.621181029389709427e-02 -9.472413907449725445e-03 -1.178906086675257300e-02 -9.472413907449725445e-03 -1.046761234938228292e-02 -1.146955442585535778e-02 -1.046761234938228292e-02 -1.062304067181164130e-02 -9.472413907449725445e-03 -9.234455632702993216e-03 -1.146955442585535778e-02 -1.197870632938120156e-02 -9.234455632702993216e-03 -1.969946408726937562e-02 -1.178906086675257300e-02 -5.158266801654288851e-03 -1.249018574136068031e-02 -1.146955442585535778e-02 -8.523594562716946613e-03 -9.486870330794769726e-03 -1.046761234938228292e-02 -1.146955442585535778e-02 -1.053999546306619468e-02 -1.197870632938120156e-02 -1.062304067181164130e-02 -1.062304067181164130e-02 -1.053999546306619468e-02 -1.145372297700779189e-02 -1.146955442585535778e-02 -9.472413907449725445e-03 -1.046761234938228292e-02 -1.621181029389709427e-02 -9.486870330794769726e-03 -1.053999546306619468e-02 -5.158266801654288851e-03 -8.561567347678981921e-03 -1.249018574136068031e-02 -9.234455632702993216e-03 -9.472413907449725445e-03 -9.234455632702993216e-03 -5.158266801654288851e-03 -1.062304067181164130e-02 -1.178906086675257300e-02 -8.523594562716946613e-03 -5.158266801654288851e-03 -1.178906086675257300e-02 -5.158266801654288851e-03 -1.941822478803148164e-02 -8.523594562716946613e-03 -8.561567347678981921e-03 -1.046761234938228292e-02 -1.145372297700779189e-02
-8.918181206412540557e-03 -9.087870818995581051e-03 -8.610716955108850545e-03 -7.448066450014101218e-03 -7.347477606026787608e-03 -5.849354634417989682e-03 -7.437187346300788010e-03 1.507864571793855052e-02 -7.204051110333868288e-03 -7.898619181570771391e-03 7.558797562165421764e-03 -3.226408507300457772e-03 -5.849354634417989682e-03 -6.684050738542153189e-03 -8.610716955108850545e-03 -1.977102782491300926e-04 -7.898619181570771391e-03 -5.849354634417989682e-03 -7.448066450014101218e-03 -8.886211354622230649e-03 -9.449133514590384378e-03 1.507864571793855052e-02 -1.977102782491300926e-04 -7.347477606026787608e-03 -7.347477606026787608e-03 -7.204051110333868288e-03 -7.898619181570771391e-03 -1.977102782491300926e-04 -8.610716955108850545e-03 5.628886553827091438e-03 -5.849354634417989682e-03 -9.087870818995581051e-03 -5.797749190252047234e-03 -8.610716955108850545e-03 -6.684050738542153189e-03 -7.437187346300788010e-03 -3.226408507300457772e-03 -8.918181206412540557e-03 -8.610716955108850545e-03 -8.610716955108850545e-03 -8.610716955108850545e-03 -7.448066450014101218e-03 5.628886553827091438e-03 -7.437187346300788010e-03 -9.449133514590384378e-03 7.558797562165421764e-03 7.558797562165421764e-03 8.011075468971990896e-03 -7.898619181570771391e-03 -7.898619181570771391e-03 -7.898619181570771391e-03 7.558797562165421764e-03 -9.449133514590384378e-03 1.507864571793855052e-02 8.011075468971990896e-03 -7.204051110333868288e-03 -7.448066450014101218e-03 -8.918181206412540557e-03 -7.437187346300788010e-03 -5.849354634417989682e-03 1.507864571793855052e-02 -6.684050738542153189e-03 -8.610716955108850545e-03 -8.886211354622230649e-03 -9.449133514590384378e-03 -9.087870818995581051e-03 -7.204051110333868288e-03 -8.610716955108850545e-03 -8.918181206412540557e-03 5.628886553827091438e-03 -8.918181206412540557e-03 -8.610716955108850545e-03 -7.204051110333868288e-03 8.011075468971990896e-03 5.628886553827091438e-03 -9.449133514590384378e-03 -3.226408507300457772e-03 -5.797749190252047234e-03 -8.886211354622230649e-03 7.558797562165421764e-03 5.628886553827091438e-03 -9.087870818995581051e-03 -7.204051110333868288e-03 -8.610716955108850545e-03 8.011075468971990896e-03 -7.347477606026787608e-03 -8.918181206412540557e-03 -8.886211354622230649e-03 -5.797749190252047234e-03 -9.449133514590384378e-03 -6.684050738542153189e-03 -7.347477606026787608e-03 -5.849354634417989682e-03 7.558797562165421764e-03 -7.204051110333868288e-03 -8.918181206412540557e-03 -6.684050738542153189e-03 -8.886211354622230649e-03 -7.437187346300788010e-03 -5.849354634417989682e-03 -7.448066450014101218e-03 -8.886211354622230649e-03 -7.204051110333868288e-03 -7.898619181570771391e-03 -7.898619181570771391e-03 -3.226408507300457772e-03 -3.226408507300457772e-03 5.628886553827091438e-03 1.507864571793855052e-02 -7.437187346300788010e-03 -3.226408507300457772e-03 -8.886211354622230649e-03 -7.898619181570771391e-03 -7.898619181570771391e-03 -8.918181206412540557e-03 -3.226408507300457772e-03 -8.610716955108850545e-03 -7.898619181570771391e-03 -7.437187346300788010e-03 -3.226408507300457772e-03 -5.849354634417989682e-03 -8.886211354622230649e-03 -6.684050738542153189e-03 -7.347477606026787608e-03 -6.684050738542153189e-03 -7.448066450014101218e-03 -8.610716955108850545e-03 -5.797749190252047234e-03 -7.347477606026787608e-03 -8.610716955108850545e-03 -8.886211354622230649e-03 -7.898619181570771391e-03 -7.448066450014101218e-03 -8.886211354622230649e-03 -6.684050738542153189e-03 7.558797562165421764e-03 -5.797749190252047234e-03 -5.849354634417989682e-03 -8.886211354622230649e-03 -9.449133514590384378e-03 -9.087870818995581051e-03 -7.448066450014101218e-03 -7.347477606026787608e-03 5.628886553827091438e-03 -8.886211354622230649e-03 -8.886211354622230649e-03 -8.886211354622230649e-03 -8.886211354622230649e-03 -5.797749190252047234e-03 -9.449133514590384378e-03 -3.226408507300457772e-03 -7.448066450014101218e-03 -7.437187346300788010e-03 -4.742954840746562394e-03 -8.610716955108850545e-03 -7.448066450014101218e-03 -4.742954840746562394e-03 -7.204051110333868288e-03 -4.742954840746562394e-03 -7.437187346300788010e-03 5.628886553827091438e-03 -5.849354634417989682e-03 -7.347477606026787608e-03 -8.610716955108850545e-03 5.628886553827091438e-03 -9.087870818995581051e-03 8.011075468971990896e-03 -7.448066450014101218e-03 -5.797749190252047234e-03 -3.226408507300457772e-03 -7.437187346300788010e-03 5.628886553827091438e-03 -9.087870818995581051e-03 1.507864571793855052e-02 -7.437187346300788010e-03 -8.610716955108850545e-03 -5.849354634417989682e-03 -8.918181206412540557e-03 -7.898619181570771391e-03 -8.886211354622230649e-03 -3.226408507300457772e-03 1.507864571793855052e-02 -8.918181206412540557e-03 -8.886211354622230649e-03 -7.204051110333868288e-03 -4.742954840746562394e-03 -5.849354634417989682e-03 -8.918181206412540557e-03 -9.087870818995581051e-03 7.558797562165421764e-03 -9.087870818995581051e-03 -8.610716955108850545e-03 -9.449133514590384378e-03 -1.977102782491300926e-04 8.011075468971990896e-03 -3.226408507300457772e-03 -6.684050738542153189e-03 -7.898619181570771391e-03 -3.226408507300457772e-03 -1.977102782491300926e-04 -7.448066450014101218e-03 -8.886211354622230649e-03 -7.347477606026787608e-03 -1.977102782491300926e-04 -3.226408507300457772e-03 -4.742954840746562394e-03 -5.797749190252047234e-03 -5.797749190252047234e-03 -8.610716955108850545e-03 -7.437187346300788010e-03 -7.898619181570771391e-03 -7.204051110333868288e-03 -8.886211354622230649e-03 -3.226408507300457772e-03 -9.449133514590384378e-03 -7.437187346300788010e-03 -7.347477606026787608e-03 -1.977102782491300926e-04 -8.886211354622230649e-03 -6.684050738542153189e-03 7.558797562165421764e-03 -8.610716955108850545e-03 -1.977102782491300926e-04 -5.797749190252047234e-03 -8.610716955108850545e-03 1.507864571793855052e-02 -7.448066450014101218e-03 5.628886553827091438e-03 -5.849354634417989682e-03 7.558797562165421764e-03 -8.918181206412540557e-03 -8.886211354622230649e-03 -4.742954840746562394e-03 -8.610716955108850545e-03 -5.849354634417989682e-03 -8.610716955108850545e-03 -8.610716955108850545e-03 -9.449133514590384378e-03 -8.610716955108850545e-03 -7.204051110333868288e-03 -8.918181206412540557e-03 8.011075468971990896e-03 -9.449133514590384378e-03 5.628886553827091438e-03 -7.448066450014101218e-03 -8.610716955108850545e-03 -1.977102782491300926e-04 -7.347477606026787608e-03 -6.684050738542153189e-03 -7.204051110333868288e-03 8.011075468971990896e-03 -7.204051110333868288e-03 -4.742954840746562394e-03 -1.977102782491300926e-04 -4.742954840746562394e-03 -3.226408507300457772e-03 -7.204051110333868288e-03 -7.437187346300788010e-03 -1.977102782491300926e-04 -5.797749190252047234e-03 -7.437187346300788010e-03 -8.918181206412540557e-03 8.011075468971990896e-03 -8.886211354622230649e-03 -7.347477606026787608e-03 -1.977102782491300926e-04 -7.448066450014101218e-03 -8.610716955108850545e-03 -4.742954840746562394e-03 -1.977102782491300926e-04 -9.449133514590384378e-03 -5.797749190252047234e-03 -3.226408507300457772e-03 -3.226408507300457772e-03 -9.449133514590384378e-03 -5.849354634417989682e-03 -1.977102782491300926e-04 -7.204051110333868288e-03 -4.742954840746562394e-03 -6.684050738542153189e-03 -8.610716955108850545e-03 -9.449133514590384378e-03 -8.886211354622230649e-03 -9.087870818995581051e-03 -7.347477606026787608e-03 -7.437187346300788010e-03 -7.204051110333868288e-03 -7.437187346300788010e-03 -8.886211354622230649e-03 -3.226408507300457772e-03 8.011075468971990896e-03 -7.448066450014101218e-03 -8.886211354622230649e-03 8.011075468971990896e-03 -8.886211354622230649e-03 1.507864571793855052e-02 -7.448066450014101218e-03 -9.087870818995581051e-03 -4.742954840746562394e-03 -5.849354634417989682e-03
-8.918181206412540557e-03 -9.087870818995581051e-03 -8.610716955108850545e-03 -7.448066450014101218e-03 -7.347477606026787608e-03 -5.849354634417989682e-03 -7.437187346300788010e-03 1.507864571793855052e-02 -7.204051110333868288e-03 -7.898619181570771391e-03 7.558797562165421764e-03 -3.226408507300457772e-03 -5.849354634417989682e-03 -6.684050738542153189e-03 -8.610716955108850545e-03 -1.977102782491300926e-04 -7.898619181570771391e-03 -5.849354634417989682e-03 -7.448066450014101218e-03 -8.886211354622230649e-03 -9.449133514590384378e-03 1.507864571793855052e-02 -1.977102782491300926e-04 -7.347477606026787608e-03 -7.347477606026787608e-03 -7.204051110333868288e-03 -7.898619181570771391e-03 -1.977102782491300926e-04 -8.610716955108850545e-03 5.628886553827091438e-03 -5.849354634417989682e-03 -9.087870818995581051e-03 -5.797749190252047234e-03 -8.610716955108850545e-03 -6.684050738542153189e-03 -7.437187346300788010e-03 -3.226408507300457772e-03 -8.918181206412540557e-03 -8.610716955108850545e-03 -8.610716955108850545e-03 -8.610716955108850545e-03 -7.448066450014101218e-03 5.628886553827091438e-03 -7.437187346300788010e-03 -9.449133514590384378e-03 7.558797562165421764e-03 7.558797562165421764e-03 8.011075468971990896e-03 -7.898619181570771391e-03 -7.898619181570771391e-03 -7.898619181570771391e-03 7.558797562165421764e-03 -9.449133514590384378e-03 1.507864571793855052e-02 8.011075468971990896e-03 -7.204051110333868288e-03 -7.448066450014101218e-03 -8.918181206412540557e-03 -7.437187346300788010e-03 -5.849354634417989682e-03 1.507864571793855052e-02 -6.684050738542153189e-03 -8.610716955108850545e-03 -8.886211354622230649e-03 -9.449133514590384378e-03 -9.087870818995581051e-03 -7.204051110333868288e-03 -8.610716955108850545e-03 -8.918181206412540557e-03 5.628886553827091438e-03 -8.918181206412540557e-03 -8.610716955108850545e-03 -7.204051110333868288e-03 8.011075468971990896e-03 5.628886553827091438e-03 -9.449133514590384378e-03 -3.226408507300457772e-03 -5.797749190252047234e-03 -8.886211354622230649e-03 7.558797562165421764e-03 5.628886553827091438e-03 -9.087870818995581051e-03 -7.204051110333868288e-03 -8.610716955108850545e-03 8.011075468971990896e-03 -7.347477606026787608e-03 -8.918181206412540557e-03 -8.886211354622230649e-03 -5.797749190252047234e-03 -9.449133514590384378e-03 -6.684050738542153189e-03 -7.347477606026787608e-03 -5.849354634417989682e-03 7.558797562165421764e-03 -7.204051110333868288e-03 -8.918181206412540557e-03 -6.684050738542153189e-03 -8.886211354622230649e-03 -7.437187346300788010e-03 -5.849354634417989682e-03 -7.448066450014101218e-03 -8.886211354622230649e-03 -7.204051110333868288e-03 -7.898619181570771391e-03 -7.898619181570771391e-03 -3.226408507300457772e-03 -3.226408507300457772e-03 5.628886553827091438e-03 1.507864571793855052e-02 -7.437187346300788010e-03 -3.226408507300457772e-03 -8.886211354622230649e-03 -7.898619181570771391e-03 -7.898619181570771391e-03 -8.918181206412540557e-03 -3.226408507300457772e-03 -8.610716955108850545e-03 -7.898619181570771391e-03 -7.437187346300788010e-03 -3.226408507300457772e-03 -5.849354634417989682e-03 -8.886211354622230649e-03 -6.684050738542153189e-03 -7.347477606026787608e-03 -6.684050738542153189e-03 -7.448066450014101218e-03 -8.610716955108850545e-03 -5.797749190252047234e-03 -7.347477606026787608e-03 -8.610716955108850545e-03 -8.886211354622230649e-03 -7.898619181570771391e-03 -7.448066450014101218e-03 -8.886211354622230649e-03 -6.684050738542153189e-03 7.558797562165421764e-03 -5.797749190252047234e-03 -5.849354634417989682e-03 -8.886211354622230649e-03 -9.449133514590384378e-03 -9.087870818995581051e-03 -7.448066450014101218e-03 -7.347477606026787608e-03 5.628886553827091438e-03 -8.886211354622230649e-03 -8.886211354622230649e-03 -8.886211354622230649e-03 -8.886211354622230649e-03 -5.797749190252047234e-03 -9.449133514590384378e-03 -3.226408507300457772e-03 -7.448066450014101218e-03 -7.437187346300788010e-03 -4.742954840746562394e-03 -8.610716955108850545e-03 -7.448066450014101218e-03 -4.742954840746562394e-03 -7.204051110333868288e-03 -4.742954840746562394e-03 -7.437187346300788010e-03 5.628886553827091438e-03 -5.849354634417989682e-03 -7.347477606026787608e-03 -8.610716955108850545e-03 5.628886553827091438e-03 -9.087870818995581051e-03 8.011075468971990896e-03 -7.448066450014101218e-03 -5.797749190252047234e-03 -3.226408507300457772e-03 -7.437187346300788010e-03 5.628886553827091438e-03 -9.087870818995581051e-03 1.507864571793855052e-02 -7.437187346300788010e-03 -8.610716955108850545e-03 -5.849354634417989682e-03 -8.918181206412540557e-03 -7.898619181570771391e-03 -8.886211354622230649e-03 -3.226408507300457772e-03 1.507864571793855052e-02 -8.918181206412540557e-03 -8.886211354622230649e-03 -7.204051110333868288e-03 -4.742954840746562394e-03 -5.849354634417989682e-03 -8.918181206412540557e-03 -9.087870818995581051e-03 7.558797562165421764e-03 -9.087870818995581051e-03 -8.610716955108850545e-03 -9.449133514590384378e-03 -1.977102782491300926e-04 8.011075468971990896e-03 -3.226408507300457772e-03 -6.684050738542153189e-03 -7.898619181570771391e-03 -3.226408507300457772e-03 -1.977102782491300926e-04 -7.448066450014101218e-03 -8.886211354622230649e-03 -7.347477606026787608e-03 -1.977102782491300926e-04 -3.226408507300457772e-03 -4.742954840746562394e-03 -5.797749190252047234e-03 -5.797749190252047234e-03 -8.610716955108850545e-03 -7.437187346300788010e-03 -7.898619181570771391e-03 -7.204051110333868288e-03 -8.886211354622230649e-03 -3.226408507300457772e-03 -9.449133514590384378e-03 -7.437187346300788010e-03 -7.347477606026787608e-03 -1.977102782491300926e-04 -8.886211354622230649e-03 -6.684050738542153189e-03 7.558797562165421764e-03 -8.610716955108850545e-03 -1.977102782491300926e-04 -5.797749190252047234e-03 -8.610716955108850545e-03 1.507864571793855052e-02 -7.448066450014101218e-03 5.628886553827091438e-03 -5.849354634417989682e-03 7.558797562165421764e-03 -8.918181206412540557e-03 -8.886211354622230649e-03 -4.742954840746562394e-03 -8.610716955108850545e-03 -5.849354634417989682e-03 -8.610716955108850545e-03 -8.610716955108850545e-03 -9.449133514590384378e-03 -8.610716955108850545e-03 -7.204051110333868288e-03 -8.918181206412540557e-03 8.011075468971990896e-03 -9.449133514590384378e-03 5.628886553827091438e-03 -7.448066450014101218e-03 -8.610716955108850545e-03 -1.977102782491300926e-04 -7.347477606026787608e-03 -6.684050738542153189e-03 -7.204051110333868288e-03 8.011075468971990896e-03 -7.204051110333868288e-03 -4.742954840746562394e-03 -1.977102782491300926e-04 -4.742954840746562394e-03 -3.226408507300457772e-03 -7.204051110333868288e-03 -7.437187346300788010e-03 -1.977102782491300926e-04 -5.797749190252047234e-03 -7.437187346300788010e-03 -8.918181206412540557e-03 8.011075468971990896e-03 -8.886211354622230649e-03 -7.347477606026787608e-03 -1.977102782491300926e-04 -7.448066450014101218e-03 -8.610716955108850545e-03 -4.742954840746562394e-03 -1.977102782491300926e-04 -9.449133514590384378e-03 -5.797749190252047234e-03 -3.226408507300457772e-03 -3.226408507300457772e-03 -9.449133514590384378e-03 -5.849354634417989682e-03 -1.977102782491300926e-04 -7.204051110333868288e-03 -4.742954840746562394e-03 -6.684050738542153189e-03 -8.610716955108850545e-03 -9.449133514590384378e-03 -8.886211354622230649e-03 -9.087870818995581051e-03 -7.347477606026787608e-03 -7.437187346300788010e-03 -7.204051110333868288e-03 -7.437187346300788010e-03 -8.886211354622230649e-03 -3.226408507300457772e-03 8.011075468971990896e-03 -7.448066450014101218e-03 -8.886211354622230649e-03 8.011075468971990896e-03 -8.886211354622230649e-03 1.507864571793855052e-02 -7.448066450014101218e-03 -9.087870818995581051e-03 -4.742954840746562394e-03 -5.849354634417989682e-03
-1.311032780676505208e-02 -1.286557799662737395e-02 -1.456543685916527990e-02 -1.171660107517140045e-02 -1.347708967028940844e-02 -8.713868083174591828e-03 -1.097604000180101708e-02 5.659656771944568052e-03 -1.152096583037922131e-02 -1.138771628845543053e-02 2.174564072933631714e-03 -8.086166382395360702e-03 -8.713868083174591828e-03 -8.906147176974799073e-03 -1.456543685916527990e-02 -3.189428360212521931e-03 -1.138771628845543053e-02 -8.713868083174591828e-03 -1.171660107517140045e-02 -1.356097341684009243e-02 -8.587371702355876477e-03 5.659656771944568052e-03 -3.189428360212521931e-03 -1.347708967028940844e-02 -1.347708967028940844e-02 -1.152096583037922131e-02 -1.138771628845543053e-02 -3.189428360212521931e-03 -1.456543685916527990e-02 2.471898474887210435e-03 -8.713868083174591828e-03 -1.286557799662737395e-02 -1.452715615109208963e-02 -1.456543685916527990e-02 -8.906147176974799073e-03 -1.097604000180101708e-02 -8.086166382395360702e-03 -1.311032780676505208e-02 -1.456543685916527990e-02 -1.456543685916527990e-02 -1.456543685916527990e-02 -1.171660107517140045e-02 2.471898474887210435e-03 -1.097604000180101708e-02 -8.587371702355876477e-03 2.174564072933631714e-03 2.174564072933631714e-03 -6.505542609548878178e-04 -1.138771628845543053e-02 -1.138771628845543053e-02 -1.138771628845543053e-02 2.174564072933631714e-03 -8.587371702355876477e-03 5.659656771944568052e-03 -6.505542609548878178e-04 -1.152096583037922131e-02 -1.171660107517140045e-02 -1.311032780676505208e-02 -1.097604000180101708e-02 -8.713868083174591828e-03 5.659656771944568052e-03 -8.906147176974799073e-03 -1.456543685916527990e-02 -1.356097341684009243e-02 -8.587371702355876477e-03 -1.286557799662737395e-02 -1.152096583037922131e-02 -1.456543685916527990e-02 -1.311032780676505208e-02 2.471898474887210435e-03 -1.311032780676505208e-02 -1.456543685916527990e-02 -1.152096583037922131e-02 -6.505542609548878178e-04 2.471898474887210435e-03 -8.587371702355876477e-03 -8.086166382395360702e-03 -1.452715615109208963e-02 -1.356097341684009243e-02 2.174564072933631714e-03 2.471898474887210435e-03 -1.286557799662737395e-02 -1.152096583037922131e-02 -1.456543685916527990e-02 -6.505542609548878178e-04 -1.347708967028940844e-02 -1.311032780676505208e-02 -1.356097341684009243e-02 -1.452715615109208963e-02 -8.587371702355876477e-03 -8.906147176974799073e-03 -1.347708967028940844e-02 -8.713868083174591828e-03 2.174564072933631714e-03 -1.152096583037922131e-02 -1.311032780676505208e-02 -8.906147176974799073e-03 -1.356097341684009243e-02 -1.097604000180101708e-02 -8.713868083174591828e-03 -1.171660107517140045e-02 -1.356097341684009243e-02 -1.152096583037922131e-02 -1.138771628845543053e-02 -1.138771628845543053e-02 -8.086166382395360702e-03 -8.086166382395360702e-03 2.471898474887210435e-03 5.659656771944568052e-03 -1.097604000180101708e-02 -8.086166382395360702e-03 -1.356097341684009243e-02 -1.138771628845543053e-02 -1.138771628845543053e-02 -1.311032780676505208e-02 -8.086166382395360702e-03 -1.456543685916527990e-02 -1.138771628845543053e-02 -1.097604000180101708e-02 -8.086166382395360702e-03 -8.713868083174591828e-03 -1.356097341684009243e-02 -8.906147176974799073e-03 -1.347708967028940844e-02 -8.906147176974799073e-03 -1.171660107517140045e-02 -1.456543685916527990e-02 -1.452715615109208963e-02 -1.347708967028940844e-02 -1.456543685916527990e-02 -1.356097341684009243e-02 -1.138771628845543053e-02 -1.171660107517140045e-02 -1.356097341684009243e-02 -8.906147176974799073e-03 2.174564072933631714e-03 -1.452715615109208963e-02 -8.713868083174591828e-03 -1.356097341684009243e-02 -8.587371702355876477e-03 -1.286557799662737395e-02 -1.171660107517140045e-02 -1.347708967028940844e-02 2.471898474887210435e-03 -1.356097341684009243e-02 -1.356097341684009243e-02 -1.356097341684009243e-02 -1.356097341684009243e-02 -1.452715615109208963e-02 -8.587371702355876477e-03 -8.086166382395360702e-03 -1.171660107517140045e-02 -1.097604000180101708e-02 -9.873524666992037832e-03 -1.456543685916527990e-02 -1.171660107517140045e-02 -9.873524666992037832e-03 -1.152096583037922131e-02 -9.873524666992037832e-03 -1.097604000180101708e-02 2.471898474887210435e-03 -8.713868083174591828e-03 -1.347708967028940844e-02 -1.456543685916527990e-02 2.471898474887210435e-03 -1.286557799662737395e-02 -6.505542609548878178e-04 -1.171660107517140045e-02 -1.452715615109208963e-02 -8.086166382395360702e-03 -1.097604000180101708e-02 2.471898474887210435e-03 -1.286557799662737395e-02 5.659656771944568052e-03 -1.097604000180101708e-02 -1.456543685916527990e-02 -8.713868083174591828e-03 -1.311032780676505208e-02 -1.138771628845543053e-02 -1.356097341684009243e-02 -8.086166382395360702e-03 5.659656771944568052e-03 -1.311032780676505208e-02 -1.356097341684009243e-02 -1.152096583037922131e-02 -9.873524666992037832e-03 -8.713868083174591828e-03 -1.311032780676505208e-02 -1.286557799662737395e-02 2.174564072933631714e-03 -1.286557799662737395e-02 -1.456543685916527990e-02 -8.587371702355876477e-03 -3.189428360212521931e-03 -6.505542609548878178e-04 -8.086166382395360702e-03 -8.906147176974799073e-03 -1.138771628845543053e-02 -8.086166382395360702e-03 -3.189428360212521931e-03 -1.171660107517140045e-02 -1.356097341684009243e-02 -1.347708967028940844e-02 -3.189428360212521931e-03 -8.086166382395360702e-03 -9.873524666992037832e-03 -1.452715615109208963e-02 -1.452715615109208963e-02 -1.456543685916527990e-02 -1.097604000180101708e-02 -1.138771628845543053e-02 -1.152096583037922131e-02 -1.356097341684009243e-02 -8.086166382395360702e-03 -8.587371702355876477e-03 -1.097604000180101708e-02 -1.347708967028940844e-02 -3.189428360212521931e-03 -1.356097341684009243e-02 -8.906147176974799073e-03 2.174564072933631714e-03 -1.456543685916527990e-02 -3.189428360212521931e-03 -1.452715615109208963e-02 -1.456543685916527990e-02 5.659656771944568052e-03 -1.171660107517140045e-02 2.471898474887210435e-03 -8.713868083174591828e-03 2.174564072933631714e-03 -1.311032780676505208e-02 -1.356097341684009243e-02 -9.873524666992037832e-03 -1.456543685916527990e-02 -8.713868083174591828e-03 -1.456543685916527990e-02 -1.456543685916527990e-02 -8.587371702355876477e-03 -1.456543685916527990e-02 -1.152096583037922131e-02 -1.311032780676505208e-02 -6.505542609548878178e-04 -8.587371702355876477e-03 2.471898474887210435e-03 -1.171660107517140045e-02 -1.456543685916527990e-02 -3.189428360212521931e-03 -1.347708967028940844e-02 -8.906147176974799073e-03 -1.152096583037922131e-02 -6.505542609548878178e-04 -1.152096583037922131e-02 -9.873524666992037832e-03 -3.189428360212521931e-03 -9.873524666992037832e-03 -8.086166382395360702e-03 -1.152096583037922131e-02 -1.097604000180101708e-02 -3.189428360212521931e-03 -1.452715615109208963e-02 -1.097604000180101708e-02 -1.311032780676505208e-02 -6.505542609548878178e-04 -1.356097341684009243e-02 -1.347708967028940844e-02 -3.189428360212521931e-03 -1.171660107517140045e-02 -1.456543685916527990e-02 -9.873524666992037832e-03 -3.189428360212521931e-03 -8.587371702355876477e-03 -1.452715615109208963e-02 -8.086166382395360702e-03 -8.086166382395360702e-03 -8.587371702355876477e-03 -8.713868083174591828e-03 -3.189428360212521931e-03 -1.152096583037922131e-02 -9.873524666992037832e-03 -8.906147176974799073e-03 -1.456543685916527990e-02 -8.587371702355876477e-03 -1.356097341684009243e-02 -1.286557799662737395e-02 -1.347708967028940844e-02 -1.097604000180101708e-02 -1.152096583037922131e-02 -1.097604000180101708e-02 -1.356097341684009243e-02 -8.086166382395360702e-03 -6.505542609548878178e-04 -1.171660107517140045e-02 -1.356097341684009243e-02 -6.505542609548878178e-04 -1.356097341684009243e-02 5.659656771944568052e-03 -1.171660107517140045e-02 -1.286557799662737395e-02 -9.873524666992037832e-03 -8.713868083174591828e-03
-1.794756693194208760e-02 4.549590445267369040e-03 -4.880831750562017457e-03 6.036147592707925662e-03 -3.674512777368969980e-03 -4.905063311835289666e-03 -3.243418968432439358e-03 -1.234787901875839151e-02 2.146490961340902313e-03 -3.164301352873687958e-04 -1.274694367233737170e-03 -6.385683556235171275e-03 -4.905063311835289666e-03 -1.512167263012789871e-02 -4.880831750562017457e-03 -5.423867491214074375e-03 -3.164301352873687958e-04 -4.905063311835289666e-03 6.036147592707925662e-03 -9.019771590371486718e-04 -6.809560293308517974e-04 -1.234787901875839151e-02 -5.423867491214074375e-03 -3.674512777368969980e-03 -3.674512777368969980e-03 2.146490961340902313e-03 -3.164301352873687958e-04 -5.423867491214074375e-03 -4.880831750562017457e-03 -1.540095569318122512e-02 -4.905063311835289666e-03 4.549590445267369040e-03 -5.676292333616929755e-04 -4.880831750562017457e-03 -1.512167263012789871e-02 -3.243418968432439358e-03 -6.385683556235171275e-03 -1.794756693194208760e-02 -4.880831750562017457e-03 -4.880831750562017457e-03 -4.880831750562017457e-03 6.036147592707925662e-03 -1.540095569318122512e-02 -3.243418968432439358e-03 -6.809560293308517974e-04 -1.274694367233737170e-03 -1.274694367233737170e-03 -2.887926433569272793e-03 -3.164301352873687958e-04 -3.164301352873687958e-04 -3.164301352873687958e-04 -1.274694367233737170e-03 -6.809560293308517974e-04 -1.234787901875839151e-02 -2.887926433569272793e-03 2.146490961340902313e-03 6.036147592707925662e-03 -1.794756693194208760e-02 -3.243418968432439358e-03 -4.905063311835289666e-03 -1.234787901875839151e-02 -1.512167263012789871e-02 -4.880831750562017457e-03 -9.019771590371486718e-04 -6.809560293308517974e-04 4.549590445267369040e-03 2.146490961340902313e-03 -4.880831750562017457e-03 -1.794756693194208760e-02 -1.540095569318122512e-02 -1.794756693194208760e-02 -4.880831750562017457e-03 2.146490961340902313e-03 -2.887926433569272793e-03 -1.540095569318122512e-02 -6.809560293308517974e-04 -6.385683556235171275e-03 -5.676292333616929755e-04 -9.019771590371486718e-04 -1.274694367233737170e-03 -1.540095569318122512e-02 4.549590445267369040e-03 2.146490961340902313e-03 -4.880831750562017457e-03 -2.887926433569272793e-03 -3.674512777368969980e-03 -1.794756693194208760e-02 -9.019771590371486718e-04 -5.676292333616929755e-04 -6.809560293308517974e-04 -1.512167263012789871e-02 -3.674512777368969980e-03 -4.905063311835289666e-03 -1.274694367233737170e-03 2.146490961340902313e-03 -1.794756693194208760e-02 -1.512167263012789871e-02 -9.019771590371486718e-04 -3.243418968432439358e-03 -4.905063311835289666e-03 6.036147592707925662e-03 -9.019771590371486718e-04 2.146490961340902313e-03 -3.164301352873687958e-04 -3.164301352873687958e-04 -6.385683556235171275e-03 -6.385683556235171275e-03 -1.540095569318122512e-02 -1.234787901875839151e-02 -3.243418968432439358e-03 -6.385683556235171275e-03 -9.019771590371486718e-04 -3.164301352873687958e-04 -3.164301352873687958e-04 -1.794756693194208760e-02 -6.385683556235171275e-03 -4.880831750562017457e-03 -3.164301352873687958e-04 -3.243418968432439358e-03 -6.385683556235171275e-03 -4.905063311835289666e-03 -9.019771590371486718e-04 -1.512167263012789871e-02 -3.674512777368969980e-03 -1.512167263012789871e-02 6.036147592707925662e-03 -4.880831750562017457e-03 -5.676292333616929755e-04 -3.674512777368969980e-03 -4.880831750562017457e-03 -9.019771590371486718e-04 -3.164301352873687958e-04 6.036147592707925662e-03 -9.019771590371486718e-04 -1.512167263012789871e-02 -1.274694367233737170e-03 -5.676292333616929755e-04 -4.905063311835289666e-03 -9.019771590371486718e-04 -6.809560293308517974e-04 4.549590445267369040e-03 6.036147592707925662e-03 -3.674512777368969980e-03 -1.540095569318122512e-02 -9.019771590371486718e-04 -9.019771590371486718e-04 -9.019771590371486718e-04 -9.019771590371486718e-04 -5.676292333616929755e-04 -6.809560293308517974e-04 -6.385683556235171275e-03 6.036147592707925662e-03 -3.243418968432439358e-03 5.810549051309262581e-06 -4.880831750562017457e-03 6.036147592707925662e-03 5.810549051309262581e-06 2.146490961340902313e-03 5.810549051309262581e-06 -3.243418968432439358e-03 -1.540095569318122512e-02 -4.905063311835289666e-03 -3.674512777368969980e-03 -4.880831750562017457e-03 -1.540095569318122512e-02 4.549590445267369040e-03 -2.887926433569272793e-03 6.036147592707925662e-03 -5.676292333616929755e-04 -6.385683556235171275e-03 -3.243418968432439358e-03 -1.540095569318122512e-02 4.549590445267369040e-03 -1.234787901875839151e-02 -3.243418968432439358e-03 -4.880831750562017457e-03 -4.905063311835289666e-03 -1.794756693194208760e-02 -3.164301352873687958e-04 -9.019771590371486718e-04 -6.385683556235171275e-03 -1.234787901875839151e-02 -1.794756693194208760e-02 -9.019771590371486718e-04 2.146490961340902313e-03 5.810549051309262581e-06 -4.905063311835289666e-03 -1.794756693194208760e-02 4.549590445267369040e-03 -1.274694367233737170e-03 4.549590445267369040e-03 -4.880831750562017457e-03 -6.809560293308517974e-04 -5.423867491214074375e-03 -2.887926433569272793e-03 -6.385683556235171275e-03 -1.512167263012789871e-02 -3.164301352873687958e-04 -6.385683556235171275e-03 -5.423867491214074375e-03 6.036147592707925662e-03 -9.019771590371486718e-04 -3.674512777368969980e-03 -5.423867491214074375e-03 -6.385683556235171275e-03 5.810549051309262581e-06 -5.676292333616929755e-04 -5.676292333616929755e-04 -4.880831750562017457e-03 -3.243418968432439358e-03 -3.164301352873687958e-04 2.146490961340902313e-03 -9.019771590371486718e-04 -6.385683556235171275e-03 -6.809560293308517974e-04 -3.243418968432439358e-03 -3.674512777368969980e-03 -5.423867491214074375e-03 -9.019771590371486718e-04 -1.512167263012789871e-02 -1.274694367233737170e-03 -4.880831750562017457e-03 -5.423867491214074375e-03 -5.676292333616929755e-04 -4.880831750562017457e-03 -1.234787901875839151e-02 6.036147592707925662e-03 -1.540095569318122512e-02 -4.905063311835289666e-03 -1.274694367233737170e-03 -1.794756693194208760e-02 -9.019771590371486718e-04 5.810549051309262581e-06 -4.880831750562017457e-03 -4.905063311835289666e-03 -4.880831750562017457e-03 -4.880831750562017457e-03 -6.809560293308517974e-04 -4.880831750562017457e-03 2.146490961340902313e-03 -1.794756693194208760e-02 -2.887926433569272793e-03 -6.809560293308517974e-04 -1.540095569318122512e-02 6.036147592707925662e-03 -4.880831750562017457e-03 -5.423867491214074375e-03 -3.674512777368969980e-03 -1.512167263012789871e-02 2.146490961340902313e-03 -2.887926433569272793e-03 2.146490961340902313e-03 5.810549051309262581e-06 -5.423867491214074375e-03 5.810549051309262581e-06 -6.385683556235171275e-03 2.146490961340902313e-03 -3.243418968432439358e-03 -5.423867491214074375e-03 -5.676292333616929755e-04 -3.243418968432439358e-03 -1.794756693194208760e-02 -2.887926433569272793e-03 -9.019771590371486718e-04 -3.674512777368969980e-03 -5.423867491214074375e-03 6.036147592707925662e-03 -4.880831750562017457e-03 5.810549051309262581e-06 -5.423867491214074375e-03 -6.809560293308517974e-04 -5.676292333616929755e-04 -6.385683556235171275e-03 -6.385683556235171275e-03 -6.809560293308517974e-04 -4.905063311835289666e-03 -5.423867491214074375e-03 2.146490961340902313e-03 5.810549051309262581e-06 -1.512167263012789871e-02 -4.880831750562017457e-03 -6.809560293308517974e-04 -9.019771590371486718e-04 4.549590445267369040e-03 -3.674512777368969980e-03 -3.243418968432439358e-03 2.146490961340902313e-03 -3.243418968432439358e-03 -9.019771590371486718e-04 -6.385683556235171275e-03 -2.887926433569272793e-03 6.036147592707925662e-03 -9.019771590371486718e-04 -2.887926433569272793e-03 -9.019771590371486718e-04 -1.234787901875839151e-02 6.036147592707925662e-03 4.549590445267369040e-03 5.810549051309262581e-06 -4.905063311835289666e-03
-1.794756693194208760e-02 4.549590445267369040e-03 -4.880831750562017457e-03 6.036147592707925662e-03 -3.674512777368969980e-03 -4.905063311835289666e-03 -3.243418968432439358e-03 -1.234787901875839151e-02 2.146490961340902313e-03 -3.164301352873687958e-04 -1.274694367233737170e-03 -6.385683556235171275e-03 -4.905063311835289666e-03 -1.512167263012789871e-02 -4.880831750562017457e-03 -5.423867491214074375e-03 -3.164301352873687958e-04 -4.905063311835289666e-03 6.036147592707925662e-03 -9.019771590371486718e-04 -6.809560293308517974e-04 -1.234787901875839151e-02 -5.423867491214074375e-03 -3.674512777368969980e-03 -3.674512777368969980e-03 2.146490961340902313e-03 -3.164301352873687958e-04 -5.423867491214074375e-03 -4.880831750562017457e-03 -1.540095569318122512e-02 -4.905063311835289666e-03 4.549590445267369040e-03 -5.676292333616929755e-04 -4.880831750562017457e-03 -1.512167263012789871e-02 -3.243418968432439358e-03 -6.385683556235171275e-03 -1.794756693194208760e-02 -4.880831750562017457e-03 -4.880831750562017457e-03 -4.880831750562017457e-03 6.036147592707925662e-03 -1.540095569318122512e-02 -3.243418968432439358e-03 -6.809560293308517974e-04 -1.274694367233737170e-03 -1.274694367233737170e-03 -2.887926433569272793e-03 -3.164301352873687958e-04 -3.164301352873687958e-04 -3.164301352873687958e-04 -1.274694367233737170e-03 -6.809560293308517974e-04 -1.234787901875839151e-02 -2.887926433569272793e-03 2.146490961340902313e-03 6.036147592707925662e-03 -1.794756693194208760e-02 -3.243418968432439358e-03 -4.905063311835289666e-03 -1.234787901875839151e-02 -1.512167263012789871e-02 -4.880831750562017457e-03 -9.019771590371486718e-04 -6.809560293308517974e-04 4.549590445267369040e-03 2.146490961340902313e-03 -4.880831750562017457e-03 -1.794756693194208760e-02 -1.540095569318122512e-02 -1.794756693194208760e-02 -4.880831750562017457e-03 2.146490961340902313e-03 -2.887926433569272793e-03 -1.540095569318122512e-02 -6.809560293308517974e-04 -6.385683556235171275e-03 -5.676292333616929755e-04 -9.019771590371486718e-04 -1.274694367233737170e-03 -1.540095569318122512e-02 4.549590445267369040e-03 2.146490961340902313e-03 -4.880831750562017457e-03 -2.887926433569272793e-03 -3.674512777368969980e-03 -1.794756693194208760e-02 -9.019771590371486718e-04 -5.676292333616929755e-04 -6.809560293308517974e-04 -1.512167263012789871e-02 -3.674512777368969980e-03 -4.905063311835289666e-03 -1.274694367233737170e-03 2.146490961340902313e-03 -1.794756693194208760e-02 -1.512167263012789871e-02 -9.019771590371486718e-04 -3.243418968432439358e-03 -4.905063311835289666e-03 6.036147592707925662e-03 -9.019771590371486718e-04 2.146490961340902313e-03 -3.164301352873687958e-04 -3.164301352873687958e-04 -6.385683556235171275e-03 -6.385683556235171275e-03 -1.540095569318122512e-02 -1.234787901875839151e-02 -3.243418968432439358e-03 -6.385683556235171275e-03 -9.019771590371486718e-04 -3.164301352873687958e-04 -3.164301352873687958e-04 -1.794756693194208760e-02 -6.385683556235171275e-03 -4.880831750562017457e-03 -3.164301352873687958e-04 -3.243418968432439358e-03 -6.385683556235171275e-03 -4.905063311835289666e-03 -9.019771590371486718e-04 -1.512167263012789871e-02 -3.674512777368969980e-03 -1.512167263012789871e-02 6.036147592707925662e-03 -4.880831750562017457e-03 -5.676292333616929755e-04 -3.674512777368969980e-03 -4.880831750562017457e-03 -9.019771590371486718e-04 -3.164301352873687958e-04 6.036147592707925662e-03 -9.019771590371486718e-04 -1.512167263012789871e-02 -1.274694367233737170e-03 -5.676292333616929755e-04 -4.905063311835289666e-03 -9.019771590371486718e-04 -6.809560293308517974e-04 4.549590445267369040e-03 6.036147592707925662e-03 -3.674512777368969980e-03 -1.540095569318122512e-02 -9.019771590371486718e-04 -9.019771590371486718e-04 -9.019771590371486718e-04 -9.019771590371486718e-04 -5.676292333616929755e-04 -6.809560293308517974e-04 -6.385683556235171275e-03 6.036147592707925662e-03 -3.243418968432439358e-03 5.810549051309262581e-06 -4.880831750562017457e-03 6.036147592707925662e-03 5.810549051309262581e-06 2.146490961340902313e-03 5.810549051309262581e-06 -3.243418968432439358e-03 -1.540095569318122512e-02 -4.905063311835289666e-03 -3.674512777368969980e-03 -4.880831750562017457e-03 -1.540095569318122512e-02 4.549590445267369040e-03 -2.887926433569272793e-03 6.036147592707925662e-03 -5.676292333616929755e-04 -6.385683556235171275e-03 -3.243418968432439358e-03 -1.540095569318122512e-02 4.549590445267369040e-03 -1.234787901875839151e-02 -3.243418968432439358e-03 -4.880831750562017457e-03 -4.905063311835289666e-03 -1.794756693194208760e-02 -3.164301352873687958e-04 -9.019771590371486718e-04 -6.385683556235171275e-03 -1.234787901875839151e-02 -1.794756693194208760e-02 -9.019771590371486718e-04 2.146490961340902313e-03 5.810549051309262581e-06 -4.905063311835289666e-03 -1.794756693194208760e-02 4.549590445267369040e-03 -1.274694367233737170e-03 4.549590445267369040e-03 -4.880831750562017457e-03 -6.809560293308517974e-04 -5.423867491214074375e-03 -2.887926433569272793e-03 -6.385683556235171275e-03 -1.512167263012789871e-02 -3.164301352873687958e-04 -6.385683556235171275e-03 -5.423867491214074375e-03 6.036147592707925662e-03 -9.019771590371486718e-04 -3.674512777368969980e-03 -5.423867491214074375e-03 -6.385683556235171275e-03 5.810549051309262581e-06 -5.676292333616929755e-04 -5.676292333616929755e-04 -4.880831750562017457e-03 -3.243418968432439358e-03 -3.164301352873687958e-04 2.146490961340902313e-03 -9.019771590371486718e-04 -6.385683556235171275e-03 -6.809560293308517974e-04 -3.243418968432439358e-03 -3.674512777368969980e-03 -5.423867491214074375e-03 -9.019771590371486718e-04 -1.512167263012789871e-02 -1.274694367233737170e-03 -4.880831750562017457e-03 -5.423867491214074375e-03 -5.676292333616929755e-04 -4.880831750562017457e-03 -1.234787901875839151e-02 6.036147592707925662e-03 -1.540095569318122512e-02 -4.905063311835289666e-03 -1.274694367233737170e-03 -1.794756693194208760e-02 -9.019771590371486718e-04 5.810549051309262581e-06 -4.880831750562017457e-03 -4.905063311835289666e-03 -4.880831750562017457e-03 -4.880831750562017457e-03 -6.809560293308517974e-04 -4.880831750562017457e-03 2.146490961340902313e-03 -1.794756693194208760e-02 -2.887926433569272793e-03 -6.809560293308517974e-04 -1.540095569318122512e-02 6.036147592707925662e-03 -4.880831750562017457e-03 -5.423867491214074375e-03 -3.674512777368969980e-03 -1.512167263012789871e-02 2.146490961340902313e-03 -2.887926433569272793e-03 2.146490961340902313e-03 5.810549051309262581e-06 -5.423867491214074375e-03 5.810549051309262581e-06 -6.385683556235171275e-03 2.146490961340902313e-03 -3.243418968432439358e-03 -5.423867491214074375e-03 -5.676292333616929755e-04 -3.243418968432439358e-03 -1.794756693194208760e-02 -2.887926433569272793e-03 -9.019771590371486718e-04 -3.674512777368969980e-03 -5.423867491214074375e-03 6.036147592707925662e-03 -4.880831750562017457e-03 5.810549051309262581e-06 -5.423867491214074375e-03 -6.809560293308517974e-04 -5.676292333616929755e-04 -6.385683556235171275e-03 -6.385683556235171275e-03 -6.809560293308517974e-04 -4.905063311835289666e-03 -5.423867491214074375e-03 2.146490961340902313e-03 5.810549051309262581e-06 -1.512167263012789871e-02 -4.880831750562017457e-03 -6.809560293308517974e-04 -9.019771590371486718e-04 4.549590445267369040e-03 -3.674512777368969980e-03 -3.243418968432439358e-03 2.146490961340902313e-03 -3.243418968432439358e-03 -9.019771590371486718e-04 -6.385683556235171275e-03 -2.887926433569272793e-03 6.036147592707925662e-03 -9.019771590371486718e-04 -2.887926433569272793e-03 -9.019771590371486718e-04 -1.234787901875839151e-02 6.036147592707925662e-03 4.549590445267369040e-03 5.810549051309262581e-06 -4.905063311835289666e-03
-1.794756693194208760e-02 4.549590445267369040e-03 -4.880831750562017457e-03 6.036147592707925662e-03 -3.674512777368969980e-03 -4.905063311835289666e-03 -3.243418968432439358e-03 -1.234787901875839151e-02 2.146490961340902313e-03 -3.164301352873687958e-04 -1.274694367233737170e-03 -6.385683556235171275e-03 -4.905063311835289666e-03 -1.512167263012789871e-02 -4.880831750562017457e-03 -5.423867491214074375e-03 -3.164301352873687958e-04 -4.905063311835289666e-03 6.036147592707925662e-03 -9.019771590371486718e-04 -6.809560293308517974e-04 -1.234787901875839151e-02 -5.423867491214074375e-03 -3.674512777368969980e-03 -3.674512777368969980e-03 2.146490961340902313e-03 -3.164301352873687958e-04 -5.423867491214074375e-03 -4.880831750562017457e-03 -1.540095569318122512e-02 -4.905063311835289666e-03 4.549590445267369040e-03 -5.676292333616929755e-04 -4.880831750562017457e-03 -1.512167263012789871e-02 -3.243418968432439358e-03 -6.385683556235171275e-03 -1.794756693194208760e-02 -4.880831750562017457e-03 -4.880831750562017457e-03 -4.880831750562017457e-03 6.036147592707925662e-03 -1.540095569318122512e-02 -3.243418968432439358e-03 -6.809560293308517974e-04 -1.274694367233737170e-03 -1.274694367233737170e-03 -2.887926433569272793e-03 -3.164301352873687958e-04 -3.164301352873687958e-04 -3.164301352873687958e-04 -1.274694367233737170e-03 -6.809560293308517974e-04 -1.234787901875839151e-02 -2.887926433569272793e-03 2.146490961340902313e-03 6.036147592707925662e-03 -1.794756693194208760e-02 -3.243418968432439358e-03 -4.905063311835289666e-03 -1.234787901875839151e-02 -1.512167263012789871e-02 -4.880831750562017457e-03 -9.019771590371486718e-04 -6.809560293308517974e-04 4.549590445267369040e-03 2.146490961340902313e-03 -4.880831750562017457e-03 -1.794756693194208760e-02 -1.540095569318122512e-02 -1.794756693194208760e-02 -4.880831750562017457e-03 2.146490961340902313e-03 -2.887926433569272793e-03 -1.540095569318122512e-02 -6.809560293308517974e-04 -6.385683556235171275e-03 -5.676292333616929755e-04 -9.019771590371486718e-04 -1.274694367233737170e-03 -1.540095569318122512e-02 4.549590445267369040e-03 2.146490961340902313e-03 -4.880831750562017457e-03 -2.887926433569272793e-03 -3.674512777368969980e-03 -1.794756693194208760e-02 -9.019771590371486718e-04 -5.676292333616929755e-04 -6.809560293308517974e-04 -1.512167263012789871e-02 -3.674512777368969980e-03 -4.905063311835289666e-03 -1.274694367233737170e-03 2.146490961340902313e-03 -1.794756693194208760e-02 -1.512167263012789871e-02 -9.019771590371486718e-04 -3.243418968432439358e-03 -4.905063311835289666e-03 6.036147592707925662e-03 -9.019771590371486718e-04 2.146490961340902313e-03 -3.164301352873687958e-04 -3.164301352873687958e-04 -6.385683556235171275e-03 -6.385683556235171275e-03 -1.540095569318122512e-02 -1.234787901875839151e-02 -3.243418968432439358e-03 -6.385683556235171275e-03 -9.019771590371486718e-04 -3.164301352873687958e-04 -3.164301352873687958e-04 -1.794756693194208760e-02 -6.385683556235171275e-03 -4.880831750562017457e-03 -3.164301352873687958e-04 -3.243418968432439358e-03 -6.385683556235171275e-03 -4.905063311835289666e-03 -9.019771590371486718e-04 -1.512167263012789871e-02 -3.674512777368969980e-03 -1.512167263012789871e-02 6.036147592707925662e-03 -4.880831750562017457e-03 -5.676292333616929755e-04 -3.674512777368969980e-03 -4.880831750562017457e-03 -9.019771590371486718e-04 -3.164301352873687958e-04 6.036147592707925662e-03 -9.019771590371486718e-04 -1.512167263012789871e-02 -1.274694367233737170e-03 -5.676292333616929755e-04 -4.905063311835289666e-03 -9.019771590371486718e-04 -6.809560293308517974e-04 4.549590445267369040e-03 6.036147592707925662e-03 -3.674512777368969980e-03 -1.540095569318122512e-02 -9.019771590371486718e-04 -9.019771590371486718e-04 -9.019771590371486718e-04 -9.019771590371486718e-04 -5.676292333616929755e-04 -6.809560293308517974e-04 -6.385683556235171275e-03 6.036147592707925662e-03 -3.243418968432439358e-03 5.810549051309262581e-06 -4.880831750562017457e-03 6.036147592707925662e-03 5.810549051309262581e-06 2.146490961340902313e-03 5.810549051309262581e-06 -3.243418968432439358e-03 -1.540095569318122512e-02 -4.905063311835289666e-03 -3.674512777368969980e-03 -4.880831750562017457e-03 -1.540095569318122512e-02 4.549590445267369040e-03 -2.887926433569272793e-03 6.036147592707925662e-03 -5.676292333616929755e-04 -6.385683556235171275e-03 -3.243418968432439358e-03 -1.540095569318122512e-02 4.549590445267369040e-03 -1.234787901875839151e-02 -3.243418968432439358e-03 -4.880831750562017457e-03 -4.905063311835289666e-03 -1.794756693194208760e-02 -3.164301352873687958e-04 -9.019771590371486718e-04 -6.385683556235171275e-03 -1.234787901875839151e-02 -1.794756693194208760e-02 -9.019771590371486718e-04 2.146490961340902313e-03 5.810549051309262581e-06 -4.905063311835289666e-03 -1.794756693194208760e-02 4.549590445267369040e-03 -1.274694367233737170e-03 4.549590445267369040e-03 -4.880831750562017457e-03 -6.809560293308517974e-04 -5.423867491214074375e-03 -2.887926433569272793e-03 -6.385683556235171275e-03 -1.512167263012789871e-02 -3.164301352873687958e-04 -6.385683556235171275e-03 -5.423867491214074375e-03 6.036147592707925662e-03 -9.019771590371486718e-04 -3.674512777368969980e-03 -5.423867491214074375e-03 -6.385683556235171275e-03 5.810549051309262581e-06 -5.676292333616929755e-04 -5.676292333616929755e-04 -4.880831750562017457e-03 -3.243418968432439358e-03 -3.164301352873687958e-04 2.146490961340902313e-03 -9.019771590371486718e-04 -6.385683556235171275e-03 -6.809560293308517974e-04 -3.243418968432439358e-03 -3.674512777368969980e-03 -5.423867491214074375e-03 -9.019771590371486718e-04 -1.512167263012789871e-02 -1.274694367233737170e-03 -4.880831750562017457e-03 -5.423867491214074375e-03 -5.676292333616929755e-04 -4.880831750562017457e-03 -1.234787901875839151e-02 6.036147592707925662e-03 -1.540095569318122512e-02 -4.905063311835289666e-03 -1.274694367233737170e-03 -1.794756693194208760e-02 -9.019771590371486718e-04 5.810549051309262581e-06 -4.880831750562017457e-03 -4.905063311835289666e-03 -4.880831750562017457e-03 -4.880831750562017457e-03 -6.809560293308517974e-04 -4.880831750562017457e-03 2.146490961340902313e-03 -1.794756693194208760e-02 -2.887926433569272793e-03 -6.809560293308517974e-04 -1.540095569318122512e-02 6.036147592707925662e-03 -4.880831750562017457e-03 -5.423867491214074375e-03 -3.674512777368969980e-03 -1.512167263012789871e-02 2.146490961340902313e-03 -2.887926433569272793e-03 2.146490961340902313e-03 5.810549051309262581e-06 -5.423867491214074375e-03 5.810549051309262581e-06 -6.385683556235171275e-03 2.146490961340902313e-03 -3.243418968432439358e-03 -5.423867491214074375e-03 -5.676292333616929755e-04 -3.243418968432439358e-03 -1.794756693194208760e-02 -2.887926433569272793e-03 -9.019771590371486718e-04 -3.674512777368969980e-03 -5.423867491214074375e-03 6.036147592707925662e-03 -4.880831750562017457e-03 5.810549051309262581e-06 -5.423867491214074375e-03 -6.809560293308517974e-04 -5.676292333616929755e-04 -6.385683556235171275e-03 -6.385683556235171275e-03 -6.809560293308517974e-04 -4.905063311835289666e-03 -5.423867491214074375e-03 2.146490961340902313e-03 5.810549051309262581e-06 -1.512167263012789871e-02 -4.880831750562017457e-03 -6.809560293308517974e-04 -9.019771590371486718e-04 4.549590445267369040e-03 -3.674512777368969980e-03 -3.243418968432439358e-03 2.146490961340902313e-03 -3.243418968432439358e-03 -9.019771590371486718e-04 -6.385683556235171275e-03 -2.887926433569272793e-03 6.036147592707925662e-03 -9.019771590371486718e-04 -2.887926433569272793e-03 -9.019771590371486718e-04 -1.234787901875839151e-02 6.036147592707925662e-03 4.549590445267369040e-03 5.810549051309262581e-06 -4.905063311835289666e-03
-1.794756693194208760e-02 4.549590445267369040e-03 -4.880831750562017457e-03 6.036147592707925662e-03 -3.674512777368969980e-03 -4.905063311835289666e-03 -3.243418968432439358e-03 -1.234787901875839151e-02 2.146490961340902313e-03 -3.164301352873687958e-04 -1.274694367233737170e-03 -6.385683556235171275e-03 -4.905063311835289666e-03 -1.512167263012789871e-02 -4.880831750562017457e-03 -5.423867491214074375e-03 -3.164301352873687958e-04 -4.905063311835289666e-03 6.036147592707925662e-03 -9.019771590371486718e-04 -6.809560293308517974e-04 -1.234787901875839151e-02 -5.423867491214074375e-03 -3.674512777368969980e-03 -3.674512777368969980e-03 2.146490961340902313e-03 -3.164301352873687958e-04 -5.423867491214074375e-03 -4.880831750562017457e-03 -1.540095569318122512e-02 -4.905063311835289666e-03 4.549590445267369040e-03 -5.676292333616929755e-04 -4.880831750562017457e-03 -1.512167263012789871e-02 -3.243418968432439358e-03 -6.385683556235171275e-03 -1.794756693194208760e-02 -4.880831750562017457e-03 -4.880831750562017457e-03 -4.880831750562017457e-03 6.036147592707925662e-03 -1.540095569318122512e-02 -3.243418968432439358e-03 -6.809560293308517974e-04 -1.274694367233737170e-03 -1.274694367233737170e-03 -2.887926433569272793e-03 -3.164301352873687958e-04 -3.164301352873687958e-04 -3.164301352873687958e-04 -1.274694367233737170e-03 -6.809560293308517974e-04 -1.234787901875839151e-02 -2.887926433569272793e-03 2.146490961340902313e-03 6.036147592707925662e-03 -1.794756693194208760e-02 -3.243418968432439358e-03 -4.905063311835289666e-03 -1.234787901875839151e-02 -1.512167263012789871e-02 -4.880831750562017457e-03 -9.019771590371486718e-04 -6.809560293308517974e-04 4.549590445267369040e-03 2.146490961340902313e-03 -4.880831750562017457e-03 -1.794756693194208760e-02 -1.540095569318122512e-02 -1.794756693194208760e-02 -4.880831750562017457e-03 2.146490961340902313e-03 -2.887926433569272793e-03 -1.540095569318122512e-02 -6.809560293308517974e-04 -6.385683556235171275e-03 -5.676292333616929755e-04 -9.019771590371486718e-04 -1.274694367233737170e-03 -1.540095569318122512e-02 4.549590445267369040e-03 2.146490961340902313e-03 -4.880831750562017457e-03 -2.887926433569272793e-03 -3.674512777368969980e-03 -1.794756693194208760e-02 -9.019771590371486718e-04 -5.676292333616929755e-04 -6.809560293308517974e-04 -1.512167263012789871e-02 -3.674512777368969980e-03 -4.905063311835289666e-03 -1.274694367233737170e-03 2.146490961340902313e-03 -1.794756693194208760e-02 -1.512167263012789871e-02 -9.019771590371486718e-04 -3.243418968432439358e-03 -4.905063311835289666e-03 6.036147592707925662e-03 -9.019771590371486718e-04 2.146490961340902313e-03 -3.164301352873687958e-04 -3.164301352873687958e-04 -6.385683556235171275e-03 -6.385683556235171275e-03 -1.540095569318122512e-02 -1.234787901875839151e-02 -3.243418968432439358e-03 -6.385683556235171275e-03 -9.019771590371486718e-04 -3.164301352873687958e-04 -3.164301352873687958e-04 -1.794756693194208760e-02 -6.385683556235171275e-03 -4.880831750562017457e-03 -3.164301352873687958e-04 -3.243418968432439358e-03 -6.385683556235171275e-03 -4.905063311835289666e-03 -9.019771590371486718e-04 -1.512167263012789871e-02 -3.674512777368969980e-03 -1.512167263012789871e-02 6.036147592707925662e-03 -4.880831750562017457e-03 -5.676292333616929755e-04 -3.674512777368969980e-03 -4.880831750562017457e-03 -9.019771590371486718e-04 -3.164301352873687958e-04 6.036147592707925662e-03 -9.019771590371486718e-04 -1.512167263012789871e-02 -1.274694367233737170e-03 -5.676292333616929755e-04 -4.905063311835289666e-03 -9.019771590371486718e-04 -6.809560293308517974e-04 4.549590445267369040e-03 6.036147592707925662e-03 -3.674512777368969980e-03 -1.540095569318122512e-02 -9.019771590371486718e-04 -9.019771590371486718e-04 -9.019771590371486718e-04 -9.019771590371486718e-04 -5.676292333616929755e-04 -6.809560293308517974e-04 -6.385683556235171275e-03 6.036147592707925662e-03 -3.243418968432439358e-03 5.810549051309262581e-06 -4.880831750562017457e-03 6.036147592707925662e-03 5.810549051309262581e-06 2.146490961340902313e-03 5.810549051309262581e-06 -3.243418968432439358e-03 -1.540095569318122512e-02 -4.905063311835289666e-03 -3.674512777368969980e-03 -4.880831750562017457e-03 -1.540095569318122512e-02 4.549590445267369040e-03 -2.887926433569272793e-03 6.036147592707925662e-03 -5.676292333616929755e-04 -6.385683556235171275e-03 -3.243418968432439358e-03 -1.540095569318122512e-02 4.549590445267369040e-03 -1.234787901875839151e-02 -3.243418968432439358e-03 -4.880831750562017457e-03 -4.905063311835289666e-03 -1.794756693194208760e-02 -3.164301352873687958e-04 -9.019771590371486718e-04 -6.385683556235171275e-03 -1.234787901875839151e-02 -1.794756693194208760e-02 -9.019771590371486718e-04 2.146490961340902313e-03 5.810549051309262581e-06 -4.905063311835289666e-03 -1.794756693194208760e-02 4.549590445267369040e-03 -1.274694367233737170e-03 4.549590445267369040e-03 -4.880831750562017457e-03 -6.809560293308517974e-04 -5.423867491214074375e-03 -2.887926433569272793e-03 -6.385683556235171275e-03 -1.512167263012789871e-02 -3.164301352873687958e-04 -6.385683556235171275e-03 -5.423867491214074375e-03 6.036147592707925662e-03 -9.019771590371486718e-04 -3.674512777368969980e-03 -5.423867491214074375e-03 -6.385683556235171275e-03 5.810549051309262581e-06 -5.676292333616929755e-04 -5.676292333616929755e-04 -4.880831750562017457e-03 -3.243418968432439358e-03 -3.164301352873687958e-04 2.146490961340902313e-03 -9.019771590371486718e-04 -6.385683556235171275e-03 -6.809560293308517974e-04 -3.243418968432439358e-03 -3.674512777368969980e-03 -5.423867491214074375e-03 -9.019771590371486718e-04 -1.512167263012789871e-02 -1.274694367233737170e-03 -4.880831750562017457e-03 -5.423867491214074375e-03 -5.676292333616929755e-04 -4.880831750562017457e-03 -1.234787901875839151e-02 6.036147592707925662e-03 -1.540095569318122512e-02 -4.905063311835289666e-03 -1.274694367233737170e-03 -1.794756693194208760e-02 -9.019771590371486718e-04 5.810549051309262581e-06 -4.880831750562017457e-03 -4.905063311835289666e-03 -4.880831750562017457e-03 -4.880831750562017457e-03 -6.809560293308517974e-04 -4.880831750562017457e-03 2.146490961340902313e-03 -1.794756693194208760e-02 -2.887926433569272793e-03 -6.809560293308517974e-04 -1.540095569318122512e-02 6.036147592707925662e-03 -4.880831750562017457e-03 -5.423867491214074375e-03 -3.674512777368969980e-03 -1.512167263012789871e-02 2.146490961340902313e-03 -2.887926433569272793e-03 2.146490961340902313e-03 5.810549051309262581e-06 -5.423867491214074375e-03 5.810549051309262581e-06 -6.385683556235171275e-03 2.146490961340902313e-03 -3.243418968432439358e-03 -5.423867491214074375e-03 -5.676292333616929755e-04 -3.243418968432439358e-03 -1.794756693194208760e-02 -2.887926433569272793e-03 -9.019771590371486718e-04 -3.674512777368969980e-03 -5.423867491214074375e-03 6.036147592707925662e-03 -4.880831750562017457e-03 5.810549051309262581e-06 -5.423867491214074375e-03 -6.809560293308517974e-04 -5.676292333616929755e-04 -6.385683556235171275e-03 -6.385683556235171275e-03 -6.809560293308517974e-04 -4.905063311835289666e-03 -5.423867491214074375e-03 2.146490961340902313e-03 5.810549051309262581e-06 -1.512167263012789871e-02 -4.880831750562017457e-03 -6.809560293308517974e-04 -9.019771590371486718e-04 4.549590445267369040e-03 -3.674512777368969980e-03 -3.243418968432439358e-03 2.146490961340902313e-03 -3.243418968432439358e-03 -9.019771590371486718e-04 -6.385683556235171275e-03 -2.887926433569272793e-03 6.036147592707925662e-03 -9.019771590371486718e-04 -2.887926433569272793e-03 -9.019771590371486718e-04 -1.234787901875839151e-02 6.036147592707925662e-03 4.549590445267369040e-03 5.810549051309262581e-06 -4.905063311835289666e-03
-1.794756693194208760e-02 4.549590445267369040e-03 -4.880831750562017457e-03 6.036147592707925662e-03 -3.674512777368969980e-03 -4.905063311835289666e-03 -3.243418968432439358e-03 -1.234787901875839151e-02 2.146490961340902313e-03 -3.164301352873687958e-04 -1.274694367233737170e-03 -6.385683556235171275e-03 -4.905063311835289666e-03 -1.512167263012789871e-02 -4.880831750562017457e-03 -5.423867491214074375e-03 -3.164301352873687958e-04 -4.905063311835289666e-03 6.036147592707925662e-03 -9.019771590371486718e-04 -6.809560293308517974e-04 -1.234787901875839151e-02 -5.423867491214074375e-03 -3.674512777368969980e-03 -3.674512777368969980e-03 2.146490961340902313e-03 -3.164301352873687958e-04 -5.423867491214074375e-03 -4.880831750562017457e-03 -1.540095569318122512e-02 -4.905063311835289666e-03 4.549590445267369040e-03 -5.676292333616929755e-04 -4.880831750562017457e-03 -1.512167263012789871e-02 -3.243418968432439358e-03 -6.385683556235171275e-03 -1.794756693194208760e-02 -4.880831750562017457e-03 -4.880831750562017457e-03 -4.880831750562017457e-03 6.036147592707925662e-03 -1.540095569318122512e-02 -3.243418968432439358e-03 -6.809560293308517974e-04 -1.274694367233737170e-03 -1.274694367233737170e-03 -2.887926433569272793e-03 -3.164301352873687958e-04 -3.164301352873687958e-04 -3.164301352873687958e-04 -1.274694367233737170e-03 -6.809560293308517974e-04 -1.234787901875839151e-02 -2.887926433569272793e-03 2.146490961340902313e-03 6.036147592707925662e-03 -1.794756693194208760e-02 -3.243418968432439358e-03 -4.905063311835289666e-03 -1.234787901875839151e-02 -1.512167263012789871e-02 -4.880831750562017457e-03 -9.019771590371486718e-04 -6.809560293308517974e-04 4.549590445267369040e-03 2.146490961340902313e-03 -4.880831750562017457e-03 -1.794756693194208760e-02 -1.540095569318122512e-02 -1.794756693194208760e-02 -4.880831750562017457e-03 2.146490961340902313e-03 -2.887926433569272793e-03 -1.540095569318122512e-02 -6.809560293308517974e-04 -6.385683556235171275e-03 -5.676292333616929755e-04 -9.019771590371486718e-04 -1.274694367233737170e-03 -1.540095569318122512e-02 4.549590445267369040e-03 2.146490961340902313e-03 -4.880831750562017457e-03 -2.887926433569272793e-03 -3.674512777368969980e-03 -1.794756693194208760e-02 -9.019771590371486718e-04 -5.676292333616929755e-04 -6.809560293308517974e-04 -1.512167263012789871e-02 -3.674512777368969980e-03 -4.905063311835289666e-03 -1.274694367233737170e-03 2.146490961340902313e-03 -1.794756693194208760e-02 -1.512167263012789871e-02 -9.019771590371486718e-04 -3.243418968432439358e-03 -4.905063311835289666e-03 6.036147592707925662e-03 -9.019771590371486718e-04 2.146490961340902313e-03 -3.164301352873687958e-04 -3.164301352873687958e-04 -6.385683556235171275e-03 -6.385683556235171275e-03 -1.540095569318122512e-02 -1.234787901875839151e-02 -3.243418968432439358e-03 -6.385683556235171275e-03 -9.019771590371486718e-04 -3.164301352873687958e-04 -3.164301352873687958e-04 -1.794756693194208760e-02 -6.385683556235171275e-03 -4.880831750562017457e-03 -3.164301352873687958e-04 -3.243418968432439358e-03 -6.385683556235171275e-03 -4.905063311835289666e-03 -9.019771590371486718e-04 -1.512167263012789871e-02 -3.674512777368969980e-03 -1.512167263012789871e-02 6.036147592707925662e-03 -4.880831750562017457e-03 -5.676292333616929755e-04 -3.674512777368969980e-03 -4.880831750562017457e-03 -9.019771590371486718e-04 -3.164301352873687958e-04 6.036147592707925662e-03 -9.019771590371486718e-04 -1.512167263012789871e-02 -1.274694367233737170e-03 -5.676292333616929755e-04 -4.905063311835289666e-03 -9.019771590371486718e-04 -6.809560293308517974e-04 4.549590445267369040e-03 6.036147592707925662e-03 -3.674512777368969980e-03 -1.540095569318122512e-02 -9.019771590371486718e-04 -9.019771590371486718e-04 -9.019771590371486718e-04 -9.019771590371486718e-04 -5.676292333616929755e-04 -6.809560293308517974e-04 -6.385683556235171275e-03 6.036147592707925662e-03 -3.243418968432439358e-03 5.810549051309262581e-06 -4.880831750562017457e-03 6.036147592707925662e-03 5.810549051309262581e-06 2.146490961340902313e-03 5.810549051309262581e-06 -3.243418968432439358e-03 -1.540095569318122512e-02 -4.905063311835289666e-03 -3.674512777368969980e-03 -4.880831750562017457e-03 -1.540095569318122512e-02 4.549590445267369040e-03 -2.887926433569272793e-03 6.036147592707925662e-03 -5.676292333616929755e-04 -6.385683556235171275e-03 -3.243418968432439358e-03 -1.540095569318122512e-02 4.549590445267369040e-03 -1.234787901875839151e-02 -3.243418968432439358e-03 -4.880831750562017457e-03 -4.905063311835289666e-03 -1.794756693194208760e-02 -3.164301352873687958e-04 -9.019771590371486718e-04 -6.385683556235171275e-03 -1.234787901875839151e-02 -1.794756693194208760e-02 -9.019771590371486718e-04 2.146490961340902313e-03 5.810549051309262581e-06 -4.905063311835289666e-03 -1.794756693194208760e-02 4.549590445267369040e-03 -1.274694367233737170e-03 4.549590445267369040e-03 -4.880831750562017457e-03 -6.809560293308517974e-04 -5.423867491214074375e-03 -2.887926433569272793e-03 -6.385683556235171275e-03 -1.512167263012789871e-02 -3.164301352873687958e-04 -6.385683556235171275e-03 -5.423867491214074375e-03 6.036147592707925662e-03 -9.019771590371486718e-04 -3.674512777368969980e-03 -5.423867491214074375e-03 -6.385683556235171275e-03 5.810549051309262581e-06 -5.676292333616929755e-04 -5.676292333616929755e-04 -4.880831750562017457e-03 -3.243418968432439358e-03 -3.164301352873687958e-04 2.146490961340902313e-03 -9.019771590371486718e-04 -6.385683556235171275e-03 -6.809560293308517974e-04 -3.243418968432439358e-03 -3.674512777368969980e-03 -5.423867491214074375e-03 -9.019771590371486718e-04 -1.512167263012789871e-02 -1.274694367233737170e-03 -4.880831750562017457e-03 -5.423867491214074375e-03 -5.676292333616929755e-04 -4.880831750562017457e-03 -1.234787901875839151e-02 6.036147592707925662e-03 -1.540095569318122512e-02 -4.905063311835289666e-03 -1.274694367233737170e-03 -1.794756693194208760e-02 -9.019771590371486718e-04 5.810549051309262581e-06 -4.880831750562017457e-03 -4.905063311835289666e-03 -4.880831750562017457e-03 -4.880831750562017457e-03 -6.809560293308517974e-04 -4.880831750562017457e-03 2.146490961340902313e-03 -1.794756693194208760e-02 -2.887926433569272793e-03 -6.809560293308517974e-04 -1.540095569318122512e-02 6.036147592707925662e-03 -4.880831750562017457e-03 -5.423867491214074375e-03 -3.674512777368969980e-03 -1.512167263012789871e-02 2.146490961340902313e-03 -2.887926433569272793e-03 2.146490961340902313e-03 5.810549051309262581e-06 -5.423867491214074375e-03 5.810549051309262581e-06 -6.385683556235171275e-03 2.146490961340902313e-03 -3.243418968432439358e-03 -5.423867491214074375e-03 -5.676292333616929755e-04 -3.243418968432439358e-03 -1.794756693194208760e-02 -2.887926433569272793e-03 -9.019771590371486718e-04 -3.674512777368969980e-03 -5.423867491214074375e-03 6.036147592707925662e-03 -4.880831750562017457e-03 5.810549051309262581e-06 -5.423867491214074375e-03 -6.809560293308517974e-04 -5.676292333616929755e-04 -6.385683556235171275e-03 -6.385683556235171275e-03 -6.809560293308517974e-04 -4.905063311835289666e-03 -5.423867491214074375e-03 2.146490961340902313e-03 5.810549051309262581e-06 -1.512167263012789871e-02 -4.880831750562017457e-03 -6.809560293308517974e-04 -9.019771590371486718e-04 4.549590445267369040e-03 -3.674512777368969980e-03 -3.243418968432439358e-03 2.146490961340902313e-03 -3.243418968432439358e-03 -9.019771590371486718e-04 -6.385683556235171275e-03 -2.887926433569272793e-03 6.036147592707925662e-03 -9.019771590371486718e-04 -2.887926433569272793e-03 -9.019771590371486718e-04 -1.234787901875839151e-02 6.036147592707925662e-03 4.549590445267369040e-03 5.810549051309262581e-06 -4.905063311835289666e-03
-1.794756693194208760e-02 4.549590445267369040e-03 -4.880831750562017457e-03 6.036147592707925662e-03 -3.674512777368969980e-03 -4.905063311835289666e-03 -3.243418968432439358e-03 -1.234787901875839151e-02 2.146490961340902313e-03 -3.164301352873687958e-04 -1.274694367233737170e-03 -6.385683556235171275e-03 -4.905063311835289666e-03 -1.512167263012789871e-02 -4.880831750562017457e-03 -5.423867491214074375e-03 -3.164301352873687958e-04 -4.905063311835289666e-03 6.036147592707925662e-03 -9.019771590371486718e-04 -6.809560293308517974e-04 -1.234787901875839151e-02 -5.423867491214074375e-03 -3.674512777368969980e-03 -3.674512777368969980e-03 2.146490961340902313e-03 -3.164301352873687958e-04 -5.423867491214074375e-03 -4.880831750562017457e-03 -1.540095569318122512e-02 -4.905063311835289666e-03 4.549590445267369040e-03 -5.676292333616929755e-04 -4.880831750562017457e-03 -1.512167263012789871e-02 -3.243418968432439358e-03 -6.385683556235171275e-03 -1.794756693194208760e-02 -4.880831750562017457e-03 -4.880831750562017457e-03 -4.880831750562017457e-03 6.036147592707925662e-03 -1.540095569318122512e-02 -3.243418968432439358e-03 -6.809560293308517974e-04 -1.274694367233737170e-03 -1.274694367233737170e-03 -2.887926433569272793e-03 -3.164301352873687958e-04 -3.164301352873687958e-04 -3.164301352873687958e-04 -1.274694367233737170e-03 -6.809560293308517974e-04 -1.234787901875839151e-02 -2.887926433569272793e-03 2.146490961340902313e-03 6.036147592707925662e-03 -1.794756693194208760e-02 -3.243418968432439358e-03 -4.905063311835289666e-03 -1.234787901875839151e-02 -1.512167263012789871e-02 -4.880831750562017457e-03 -9.019771590371486718e-04 -6.809560293308517974e-04 4.549590445267369040e-03 2.146490961340902313e-03 -4.880831750562017457e-03 -1.794756693194208760e-02 -1.540095569318122512e-02 -1.794756693194208760e-02 -4.880831750562017457e-03 2.146490961340902313e-03 -2.887926433569272793e-03 -1.540095569318122512e-02 -6.809560293308517974e-04 -6.385683556235171275e-03 -5.676292333616929755e-04 -9.019771590371486718e-04 -1.274694367233737170e-03 -1.540095569318122512e-02 4.549590445267369040e-03 2.146490961340902313e-03 -4.880831750562017457e-03 -2.887926433569272793e-03 -3.674512777368969980e-03 -1.794756693194208760e-02 -9.019771590371486718e-04 -5.676292333616929755e-04 -6.809560293308517974e-04 -1.512167263012789871e-02 -3.674512777368969980e-03 -4.905063311835289666e-03 -1.274694367233737170e-03 2.146490961340902313e-03 -1.794756693194208760e-02 -1.512167263012789871e-02 -9.019771590371486718e-04 -3.243418968432439358e-03 -4.905063311835289666e-03 6.036147592707925662e-03 -9.019771590371486718e-04 2.146490961340902313e-03 -3.164301352873687958e-04 -3.164301352873687958e-04 -6.385683556235171275e-03 -6.385683556235171275e-03 -1.540095569318122512e-02 -1.234787901875839151e-02 -3.243418968432439358e-03 -6.385683556235171275e-03 -9.019771590371486718e-04 -3.164301352873687958e-04 -3.164301352873687958e-04 -1.794756693194208760e-02 -6.385683556235171275e-03 -4.880831750562017457e-03 -3.164301352873687958e-04 -3.243418968432439358e-03 -6.385683556235171275e-03 -4.905063311835289666e-03 -9.019771590371486718e-04 -1.512167263012789871e-02 -3.674512777368969980e-03 -1.512167263012789871e-02 6.036147592707925662e-03 -4.880831750562017457e-03 -5.676292333616929755e-04 -3.674512777368969980e-03 -4.880831750562017457e-03 -9.019771590371486718e-04 -3.164301352873687958e-04 6.036147592707925662e-03 -9.019771590371486718e-04 -1.512167263012789871e-02 -1.274694367233737170e-03 -5.676292333616929755e-04 -4.905063311835289666e-03 -9.019771590371486718e-04 -6.809560293308517974e-04 4.549590445267369040e-03 6.036147592707925662e-03 -3.674512777368969980e-03 -1.540095569318122512e-02 -9.019771590371486718e-04 -9.019771590371486718e-04 -9.019771590371486718e-04 -9.019771590371486718e-04 -5.676292333616929755e-04 -6.809560293308517974e-04 -6.385683556235171275e-03 6.036147592707925662e-03 -3.243418968432439358e-03 5.810549051309262581e-06 -4.880831750562017457e-03 6.036147592707925662e-03 5.810549051309262581e-06 2.146490961340902313e-03 5.810549051309262581e-06 -3.243418968432439358e-03 -1.540095569318122512e-02 -4.905063311835289666e-03 -3.674512777368969980e-03 -4.880831750562017457e-03 -1.540095569318122512e-02 4.549590445267369040e-03 -2.887926433569272793e-03 6.036147592707925662e-03 -5.676292333616929755e-04 -6.385683556235171275e-03 -3.243418968432439358e-03 -1.540095569318122512e-02 4.549590445267369040e-03 -1.234787901875839151e-02 -3.243418968432439358e-03 -4.880831750562017457e-03 -4.905063311835289666e-03 -1.794756693194208760e-02 -3.164301352873687958e-04 -9.019771590371486718e-04 -6.385683556235171275e-03 -1.234787901875839151e-02 -1.794756693194208760e-02 -9.019771590371486718e-04 2.146490961340902313e-03 5.810549051309262581e-06 -4.905063311835289666e-03 -1.794756693194208760e-02 4.549590445267369040e-03 -1.274694367233737170e-03 4.549590445267369040e-03 -4.880831750562017457e-03 -6.809560293308517974e-04 -5.423867491214074375e-03 -2.887926433569272793e-03 -6.385683556235171275e-03 -1.512167263012789871e-02 -3.164301352873687958e-04 -6.385683556235171275e-03 -5.423867491214074375e-03 6.036147592707925662e-03 -9.019771590371486718e-04 -3.674512777368969980e-03 -5.423867491214074375e-03 -6.385683556235171275e-03 5.810549051309262581e-06 -5.676292333616929755e-04 -5.676292333616929755e-04 -4.880831750562017457e-03 -3.243418968432439358e-03 -3.164301352873687958e-04 2.146490961340902313e-03 -9.019771590371486718e-04 -6.385683556235171275e-03 -6.809560293308517974e-04 -3.243418968432439358e-03 -3.674512777368969980e-03 -5.423867491214074375e-03 -9.019771590371486718e-04 -1.512167263012789871e-02 -1.274694367233737170e-03 -4.880831750562017457e-03 -5.423867491214074375e-03 -5.676292333616929755e-04 -4.880831750562017457e-03 -1.234787901875839151e-02 6.036147592707925662e-03 -1.540095569318122512e-02 -4.905063311835289666e-03 -1.274694367233737170e-03 -1.794756693194208760e-02 -9.019771590371486718e-04 5.810549051309262581e-06 -4.880831750562017457e-03 -4.905063311835289666e-03 -4.880831750562017457e-03 -4.880831750562017457e-03 -6.809560293308517974e-04 -4.880831750562017457e-03 2.146490961340902313e-03 -1.794756693194208760e-02 -2.887926433569272793e-03 -6.809560293308517974e-04 -1.540095569318122512e-02 6.036147592707925662e-03 -4.880831750562017457e-03 -5.423867491214074375e-03 -3.674512777368969980e-03 -1.512167263012789871e-02 2.146490961340902313e-03 -2.887926433569272793e-03 2.146490961340902313e-03 5.810549051309262581e-06 -5.423867491214074375e-03 5.810549051309262581e-06 -6.385683556235171275e-03 2.146490961340902313e-03 -3.243418968432439358e-03 -5.423867491214074375e-03 -5.676292333616929755e-04 -3.243418968432439358e-03 -1.794756693194208760e-02 -2.887926433569272793e-03 -9.019771590371486718e-04 -3.674512777368969980e-03 -5.423867491214074375e-03 6.036147592707925662e-03 -4.880831750562017457e-03 5.810549051309262581e-06 -5.423867491214074375e-03 -6.809560293308517974e-04 -5.676292333616929755e-04 -6.385683556235171275e-03 -6.385683556235171275e-03 -6.809560293308517974e-04 -4.905063311835289666e-03 -5.423867491214074375e-03 2.146490961340902313e-03 5.810549051309262581e-06 -1.512167263012789871e-02 -4.880831750562017457e-03 -6.809560293308517974e-04 -9.019771590371486718e-04 4.549590445267369040e-03 -3.674512777368969980e-03 -3.243418968432439358e-03 2.146490961340902313e-03 -3.243418968432439358e-03 -9.019771590371486718e-04 -6.385683556235171275e-03 -2.887926433569272793e-03 6.036147592707925662e-03 -9.019771590371486718e-04 -2.887926433569272793e-03 -9.019771590371486718e-04 -1.234787901875839151e-02 6.036147592707925662e-03 4.549590445267369040e-03 5.810549051309262581e-06 -4.905063311835289666e-03
-6.823302503690092946e-03 5.171965623670145415e-04 -4.952129807818530377e-03 6.968380854813428955e-03 -2.000039641232507527e-03 -3.184645994322134882e-03 2.542455860256872136e-03 -1.249241192739641848e-02 -2.911178658345988670e-04 -1.628270345683414206e-03 -8.558829220317319187e-05 1.733263981097243455e-03 -3.184645994322134882e-03 -7.508298816504784846e-03 -4.952129807818530377e-03 -2.455998128381754048e-03 -1.628270345683414206e-03 -3.184645994322134882e-03 6.968380854813428955e-03 -1.099660105294847194e-03 -7.749788667680231058e-03 -1.249241192739641848e-02 -2.455998128381754048e-03 -2.000039641232507527e-03 -2.000039641232507527e-03 -2.911178658345988670e-04 -1.628270345683414206e-03 -2.455998128381754048e-03 -4.952129807818530377e-03 -1.095429441317148818e-02 -3.184645994322134882e-03 5.171965623670145415e-04 -3.140506464860044061e-03 -4.952129807818530377e-03 -7.508298816504784846e-03 2.542455860256872136e-03 1.733263981097243455e-03 -6.823302503690092946e-03 -4.952129807818530377e-03 -4.952129807818530377e-03 -4.952129807818530377e-03 6.968380854813428955e-03 -1.095429441317148818e-02 2.542455860256872136e-03 -7.749788667680231058e-03 -8.558829220317319187e-05 -8.558829220317319187e-05 -3.872042943242918252e-03 -1.628270345683414206e-03 -1.628270345683414206e-03 -1.628270345683414206e-03 -8.558829220317319187e-05 -7.749788667680231058e-03 -1.249241192739641848e-02 -3.872042943242918252e-03 -2.911178658345988670e-04 6.968380854813428955e-03 -6.823302503690092946e-03 2.542455860256872136e-03 -3.184645994322134882e-03 -1.249241192739641848e-02 -7.508298816504784846e-03 -4.952129807818530377e-03 -1.099660105294847194e-03 -7.749788667680231058e-03 5.171965623670145415e-04 -2.911178658345988670e-04 -4.952129807818530377e-03 -6.823302503690092946e-03 -1.095429441317148818e-02 -6.823302503690092946e-03 -4.952129807818530377e-03 -2.911178658345988670e-04 -3.872042943242918252e-03 -1.095429441317148818e-02 -7.749788667680231058e-03 1.733263981097243455e-03 -3.140506464860044061e-03 -1.099660105294847194e-03 -8.558829220317319187e-05 -1.095429441317148818e-02 5.171965623670145415e-04 -2.911178658345988670e-04 -4.952129807818530377e-03 -3.872042943242918252e-03 -2.000039641232507527e-03 -6.823302503690092946e-03 -1.099660105294847194e-03 -3.140506464860044061e-03 -7.749788667680231058e-03 -7.508298816504784846e-03 -2.000039641232507527e-03 -3.184645994322134882e-03 -8.558829220317319187e-05 -2.911178658345988670e-04 -6.823302503690092946e-03 -7.508298816504784846e-03 -1.099660105294847194e-03 2.542455860256872136e-03 -3.184645994322134882e-03 6.968380854813428955e-03 -1.099660105294847194e-03 -2.911178658345988670e-04 -1.628270345683414206e-03 -1.628270345683414206e-03 1.733263981097243455e-03 1.733263981097243455e-03 -1.095429441317148818e-02 -1.249241192739641848e-02 2.542455860256872136e-03 1.733263981097243455e-03 -1.099660105294847194e-03 -1.628270345683414206e-03 -1.628270345683414206e-03 -6.823302503690092946e-03 1.733263981097243455e-03 -4.952129807818530377e-03 -1.628270345683414206e-03 2.542455860256872136e-03 1.733263981097243455e-03 -3.184645994322134882e-03 -1.099660105294847194e-03 -7.508298816504784846e-03 -2.000039641232507527e-03 -7.508298816504784846e-03 6.968380854813428955e-03 -4.952129807818530377e-03 -3.140506464860044061e-03 -2.000039641232507527e-03 -4.952129807818530377e-03 -1.099660105294847194e-03 -1.628270345683414206e-03 6.968380854813428955e-03 -1.099660105294847194e-03 -7.508298816504784846e-03 -8.558829220317319187e-05 -3.140506464860044061e-03 -3.184645994322134882e-03 -1.099660105294847194e-03 -7.749788667680231058e-03 5.171965623670145415e-04 6.968380854813428955e-03 -2.000039641232507527e-03 -1.095429441317148818e-02 -1.099660105294847194e-03 -1.099660105294847194e-03 -1.099660105294847194e-03 -1.099660105294847194e-03 -3.140506464860044061e-03 -7.749788667680231058e-03 1.733263981097243455e-03 6.968380854813428955e-03 2.542455860256872136e-03 3.585735782489809977e-03 -4.952129807818530377e-03 6.968380854813428955e-03 3.585735782489809977e-03 -2.911178658345988670e-04 3.585735782489809977e-03 2.542455860256872136e-03 -1.095429441317148818e-02 -3.184645994322134882e-03 -2.000039641232507527e-03 -4.952129807818530377e-03 -1.095429441317148818e-02 5.171965623670145415e-04 -3.872042943242918252e-03 6.968380854813428955e-03 -3.140506464860044061e-03 1.733263981097243455e-03 2.542455860256872136e-03 -1.095429441317148818e-02 5.171965623670145415e-04 -1.249241192739641848e-02 2.542455860256872136e-03 -4.952129807818530377e-03 -3.184645994322134882e-03 -6.823302503690092946e-03 -1.628270345683414206e-03 -1.099660105294847194e-03 1.733263981097243455e-03 -1.249241192739641848e-02 -6.823302503690092946e-03 -1.099660105294847194e-03 -2.911178658345988670e-04 3.585735782489809977e-03 -3.184645994322134882e-03 -6.823302503690092946e-03 5.171965623670145415e-04 -8.558829220317319187e-05 5.171965623670145415e-04 -4.952129807818530377e-03 -7.749788667680231058e-03 -2.455998128381754048e-03 -3.872042943242918252e-03 1.733263981097243455e-03 -7.508298816504784846e-03 -1.628270345683414206e-03 1.733263981097243455e-03 -2.455998128381754048e-03 6.968380854813428955e-03 -1.099660105294847194e-03 -2.000039641232507527e-03 -2.455998128381754048e-03 1.733263981097243455e-03 3.585735782489809977e-03 -3.140506464860044061e-03 -3.140506464860044061e-03 -4.952129807818530377e-03 2.542455860256872136e-03 -1.628270345683414206e-03 -2.911178658345988670e-04 -1.099660105294847194e-03 1.733263981097243455e-03 -7.749788667680231058e-03 2.542455860256872136e-03 -2.000039641232507527e-03 -2.455998128381754048e-03 -1.099660105294847194e-03 -7.508298816504784846e-03 -8.558829220317319187e-05 -4.952129807818530377e-03 -2.455998128381754048e-03 -3.140506464860044061e-03 -4.952129807818530377e-03 -1.249241192739641848e-02 6.968380854813428955e-03 -1.095429441317148818e-02 -3.184645994322134882e-03 -8.558829220317319187e-05 -6.823302503690092946e-03 -1.099660105294847194e-03 3.585735782489809977e-03 -4.952129807818530377e-03 -3.184645994322134882e-03 -4.952129807818530377e-03 -4.952129807818530377e-03 -7.749788667680231058e-03 -4.952129807818530377e-03 -2.911178658345988670e-04 -6.823302503690092946e-03 -3.872042943242918252e-03 -7.749788667680231058e-03 -1.095429441317148818e-02 6.968380854813428955e-03 -4.952129807818530377e-03 -2.455998128381754048e-03 -2.000039641232507527e-03 -7.508298816504784846e-03 -2.911178658345988670e-04 -3.872042943242918252e-03 -2.911178658345988670e-04 3.585735782489809977e-03 -2.455998128381754048e-03 3.585735782489809977e-03 1.733263981097243455e-03 -2.911178658345988670e-04 2.542455860256872136e-03 -2.455998128381754048e-03 -3.140506464860044061e-03 2.542455860256872136e-03 -6.823302503690092946e-03 -3.872042943242918252e-03 -1.099660105294847194e-03 -2.000039641232507527e-03 -2.455998128381754048e-03 6.968380854813428955e-03 -4.952129807818530377e-03 3.585735782489809977e-03 -2.455998128381754048e-03 -7.749788667680231058e-03 -3.140506464860044061e-03 1.733263981097243455e-03 1.733263981097243455e-03 -7.749788667680231058e-03 -3.184645994322134882e-03 -2.455998128381754048e-03 -2.911178658345988670e-04 3.585735782489809977e-03 -7.508298816504784846e-03 -4.952129807818530377e-03 -7.749788667680231058e-03 -1.099660105294847194e-03 5.171965623670145415e-04 -2.000039641232507527e-03 2.542455860256872136e-03 -2.911178658345988670e-04 2.542455860256872136e-03 -1.099660105294847194e-03 1.733263981097243455e-03 -3.872042943242918252e-03 6.968380854813428955e-03 -1.099660105294847194e-03 -3.872042943242918252e-03 -1.099660105294847194e-03 -1.249241192739641848e-02 6.968380854813428955e-03 5.171965623670145415e-04 3.585735782489809977e-03 -3.184645994322134882e-03
-6.823302503690092946e-03 5.171965623670145415e-04 -4.952129807818530377e-03 6.968380854813428955e-03 -2.000039641232507527e-03 -3.184645994322134882e-03 2.542455860256872136e-03 -1.249241192739641848e-02 -2.911178658345988670e-04 -1.628270345683414206e-03 -8.558829220317319187e-05 1.733263981097243455e-03 -3.184645994322134882e-03 -7.508298816504784846e-03 -4.952129807818530377e-03 -2.455998128381754048e-03 -1.628270345683414206e-03 -3.184645994322134882e-03 6.968380854813428955e-03 -1.099660105294847194e-03 -7.749788667680231058e-03 -1.249241192739641848e-02 -2.455998128381754048e-03 -2.000039641232507527e-03 -2.000039641232507527e-03 -2.911178658345988670e-04 -1.628270345683414206e-03 -2.455998128381754048e-03 -4.952129807818530377e-03 -1.095429441317148818e-02 -3.184645994322134882e-03 5.171965623670145415e-04 -3.140506464860044061e-03 -4.952129807818530377e-03 -7.508298816504784846e-03 2.542455860256872136e-03 1.733263981097243455e-03 -6.823302503690092946e-03 -4.952129807818530377e-03 -4.952129807818530377e-03 -4.952129807818530377e-03 6.968380854813428955e-03 -1.095429441317148818e-02 2.542455860256872136e-03 -7.749788667680231058e-03 -8.558829220317319187e-05 -8.558829220317319187e-05 -3.872042943242918252e-03 -1.628270345683414206e-03 -1.628270345683414206e-03 -1.628270345683414206e-03 -8.558829220317319187e-05 -7.749788667680231058e-03 -1.249241192739641848e-02 -3.872042943242918252e-03 -2.911178658345988670e-04 6.968380854813428955e-03 -6.823302503690092946e-03 2.542455860256872136e-03 -3.184645994322134882e-03 -1.249241192739641848e-02 -7.508298816504784846e-03 -4.952129807818530377e-03 -1.099660105294847194e-03 -7.749788667680231058e-03 5.171965623670145415e-04 -2.911178658345988670e-04 -4.952129807818530377e-03 -6.823302503690092946e-03 -1.095429441317148818e-02 -6.823302503690092946e-03 -4.952129807818530377e-03 -2.911178658345988670e-04 -3.872042943242918252e-03 -1.095429441317148818e-02 -7.749788667680231058e-03 1.733263981097243455e-03 -3.140506464860044061e-03 -1.099660105294847194e-03 -8.558829220317319187e-05 -1.095429441317148818e-02 5.171965623670145415e-04 -2.911178658345988670e-04 -4.952129807818530377e-03 -3.872042943242918252e-03 -2.000039641232507527e-03 -6.823302503690092946e-03 -1.099660105294847194e-03 -3.140506464860044061e-03 -7.749788667680231058e-03 -7.508298816504784846e-03 -2.000039641232507527e-03 -3.184645994322134882e-03 -8.558829220317319187e-05 -2.911178658345988670e-04 -6.823302503690092946e-03 -7.508298816504784846e-03 -1.099660105294847194e-03 2.542455860256872136e-03 -3.184645994322134882e-03 6.968380854813428955e-03 -1.099660105294847194e-03 -2.911178658345988670e-04 -1.628270345683414206e-03 -1.628270345683414206e-03 1.733263981097243455e-03 1.733263981097243455e-03 -1.095429441317148818e-02 -1.249241192739641848e-02 2.542455860256872136e-03 1.733263981097243455e-03 -1.099660105294847194e-03 -1.628270345683414206e-03 -1.628270345683414206e-03 -6.823302503690092946e-03 1.733263981097243455e-03 -4.952129807818530377e-03 -1.628270345683414206e-03 2.542455860256872136e-03 1.733263981097243455e-03 -3.184645994322134882e-03 -1.099660105294847194e-03 -7.508298816504784846e-03 -2.000039641232507527e-03 -7.508298816504784846e-03 6.968380854813428955e-03 -4.952129807818530377e-03 -3.140506464860044061e-03 -2.000039641232507527e-03 -4.952129807818530377e-03 -1.099660105294847194e-03 -1.628270345683414206e-03 6.968380854813428955e-03 -1.099660105294847194e-03 -7.508298816504784846e-03 -8.558829220317319187e-05 -3.140506464860044061e-03 -3.184645994322134882e-03 -1.099660105294847194e-03 -7.749788667680231058e-03 5.171965623670145415e-04 6.968380854813428955e-03 -2.000039641232507527e-03 -1.095429441317148818e-02 -1.099660105294847194e-03 -1.099660105294847194e-03 -1.099660105294847194e-03 -1.099660105294847194e-03 -3.140506464860044061e-03 -7.749788667680231058e-03 1.733263981097243455e-03 6.968380854813428955e-03 2.542455860256872136e-03 3.585735782489809977e-03 -4.952129807818530377e-03 6.968380854813428955e-03 3.585735782489809977e-03 -2.911178658345988670e-04 3.585735782489809977e-03 2.542455860256872136e-03 -1.095429441317148818e-02 -3.184645994322134882e-03 -2.000039641232507527e-03 -4.952129807818530377e-03 -1.095429441317148818e-02 5.171965623670145415e-04 -3.872042943242918252e-03 6.968380854813428955e-03 -3.140506464860044061e-03 1.733263981097243455e-03 2.542455860256872136e-03 -1.095429441317148818e-02 5.171965623670145415e-04 -1.249241192739641848e-02 2.542455860256872136e-03 -4.952129807818530377e-03 -3.184645994322134882e-03 -6.823302503690092946e-03 -1.628270345683414206e-03 -1.099660105294847194e-03 1.733263981097243455e-03 -1.249241192739641848e-02 -6.823302503690092946e-03 -1.099660105294847194e-03 -2.911178658345988670e-04 3.585735782489809977e-03 -3.184645994322134882e-03 -6.823302503690092946e-03 5.171965623670145415e-04 -8.558829220317319187e-05 5.171965623670145415e-04 -4.952129807818530377e-03 -7.749788667680231058e-03 -2.455998128381754048e-03 -3.872042943242918252e-03 1.733263981097243455e-03 -7.508298816504784846e-03 -1.628270345683414206e-03 1.733263981097243455e-03 -2.455998128381754048e-03 6.968380854813428955e-03 -1.099660105294847194e-03 -2.000039641232507527e-03 -2.455998128381754048e-03 1.733263981097243455e-03 3.585735782489809977e-03 -3.140506464860044061e-03 -3.140506464860044061e-03 -4.952129807818530377e-03 2.542455860256872136e-03 -1.628270345683414206e-03 -2.911178658345988670e-04 -1.099660105294847194e-03 1.733263981097243455e-03 -7.749788667680231058e-03 2.542455860256872136e-03 -2.000039641232507527e-03 -2.455998128381754048e-03 -1.099660105294847194e-03 -7.508298816504784846e-03 -8.558829220317319187e-05 -4.952129807818530377e-03 -2.455998128381754048e-03 -3.140506464860044061e-03 -4.952129807818530377e-03 -1.249241192739641848e-02 6.968380854813428955e-03 -1.095429441317148818e-02 -3.184645994322134882e-03 -8.558829220317319187e-05 -6.823302503690092946e-03 -1.099660105294847194e-03 3.585735782489809977e-03 -4.952129807818530377e-03 -3.184645994322134882e-03 -4.952129807818530377e-03 -4.952129807818530377e-03 -7.749788667680231058e-03 -4.952129807818530377e-03 -2.911178658345988670e-04 -6.823302503690092946e-03 -3.872042943242918252e-03 -7.749788667680231058e-03 -1.095429441317148818e-02 6.968380854813428955e-03 -4.952129807818530377e-03 -2.455998128381754048e-03 -2.000039641232507527e-03 -7.508298816504784846e-03 -2.911178658345988670e-04 -3.872042943242918252e-03 -2.911178658345988670e-04 3.585735782489809977e-03 -2.455998128381754048e-03 3.585735782489809977e-03 1.733263981097243455e-03 -2.911178658345988670e-04 2.542455860256872136e-03 -2.455998128381754048e-03 -3.140506464860044061e-03 2.542455860256872136e-03 -6.823302503690092946e-03 -3.872042943242918252e-03 -1.099660105294847194e-03 -2.000039641232507527e-03 -2.455998128381754048e-03 6.968380854813428955e-03 -4.952129807818530377e-03 3.585735782489809977e-03 -2.455998128381754048e-03 -7.749788667680231058e-03 -3.140506464860044061e-03 1.733263981097243455e-03 1.733263981097243455e-03 -7.749788667680231058e-03 -3.184645994322134882e-03 -2.455998128381754048e-03 -2.911178658345988670e-04 3.585735782489809977e-03 -7.508298816504784846e-03 -4.952129807818530377e-03 -7.749788667680231058e-03 -1.099660105294847194e-03 5.171965623670145415e-04 -2.000039641232507527e-03 2.542455860256872136e-03 -2.911178658345988670e-04 2.542455860256872136e-03 -1.099660105294847194e-03 1.733263981097243455e-03 -3.872042943242918252e-03 6.968380854813428955e-03 -1.099660105294847194e-03 -3.872042943242918252e-03 -1.099660105294847194e-03 -1.249241192739641848e-02 6.968380854813428955e-03 5.171965623670145415e-04 3.585735782489809977e-03 -3.184645994322134882e-03
-6.823302503690092946e-03 5.171965623670145415e-04 -4.952129807818530377e-03 6.968380854813428955e-03 -2.000039641232507527e-03 -3.184645994322134882e-03 2.542455860256872136e-03 -1.249241192739641848e-02 -2.911178658345988670e-04 -1.628270345683414206e-03 -8.558829220317319187e-05 1.733263981097243455e-03 -3.184645994322134882e-03 -7.508298816504784846e-03 -4.952129807818530377e-03 -2.455998128381754048e-03 -1.628270345683414206e-03 -3.184645994322134882e-03 6.968380854813428955e-03 -1.099660105294847194e-03 -7.749788667680231058e-03 -1.249241192739641848e-02 -2.455998128381754048e-03 -2.000039641232507527e-03 -2.000039641232507527e-03 -2.911178658345988670e-04 -1.628270345683414206e-03 -2.455998128381754048e-03 -4.952129807818530377e-03 -1.095429441317148818e-02 -3.184645994322134882e-03 5.171965623670145415e-04 -3.140506464860044061e-03 -4.952129807818530377e-03 -7.508298816504784846e-03 2.542455860256872136e-03 1.733263981097243455e-03 -6.823302503690092946e-03 -4.952129807818530377e-03 -4.952129807818530377e-03 -4.952129807818530377e-03 6.968380854813428955e-03 -1.095429441317148818e-02 2.542455860256872136e-03 -7.749788667680231058e-03 -8.558829220317319187e-05 -8.558829220317319187e-05 -3.872042943242918252e-03 -1.628270345683414206e-03 -1.628270345683414206e-03 -1.628270345683414206e-03 -8.558829220317319187e-05 -7.749788667680231058e-03 -1.249241192739641848e-02 -3.872042943242918252e-03 -2.911178658345988670e-04 6.968380854813428955e-03 -6.823302503690092946e-03 2.542455860256872136e-03 -3.184645994322134882e-03 -1.249241192739641848e-02 -7.508298816504784846e-03 -4.952129807818530377e-03 -1.099660105294847194e-03 -7.749788667680231058e-03 5.171965623670145415e-04 -2.911178658345988670e-04 -4.952129807818530377e-03 -6.823302503690092946e-03 -1.095429441317148818e-02 -6.823302503690092946e-03 -4.952129807818530377e-03 -2.911178658345988670e-04 -3.872042943242918252e-03 -1.095429441317148818e-02 -7.749788667680231058e-03 1.733263981097243455e-03 -3.140506464860044061e-03 -1.099660105294847194e-03 -8.558829220317319187e-05 -1.095429441317148818e-02 5.171965623670145415e-04 -2.911178658345988670e-04 -4.952129807818530377e-03 -3.872042943242918252e-03 -2.000039641232507527e-03 -6.823302503690092946e-03 -1.099660105294847194e-03 -3.140506464860044061e-03 -7.749788667680231058e-03 -7.508298816504784846e-03 -2.000039641232507527e-03 -3.184645994322134882e-03 -8.558829220317319187e-05 -2.911178658345988670e-04 -6.823302503690092946e-03 -7.508298816504784846e-03 -1.099660105294847194e-03 2.542455860256872136e-03 -3.184645994322134882e-03 6.968380854813428955e-03 -1.099660105294847194e-03 -2.911178658345988670e-04 -1.628270345683414206e-03 -1.628270345683414206e-03 1.733263981097243455e-03 1.733263981097243455e-03 -1.095429441317148818e-02 -1.249241192739641848e-02 2.542455860256872136e-03 1.733263981097243455e-03 -1.099660105294847194e-03 -1.628270345683414206e-03 -1.628270345683414206e-03 -6.823302503690092946e-03 1.733263981097243455e-03 -4.952129807818530377e-03 -1.628270345683414206e-03 2.542455860256872136e-03 1.733263981097243455e-03 -3.184645994322134882e-03 -1.099660105294847194e-03 -7.508298816504784846e-03 -2.000039641232507527e-03 -7.508298816504784846e-03 6.968380854813428955e-03 -4.952129807818530377e-03 -3.140506464860044061e-03 -2.000039641232507527e-03 -4.952129807818530377e-03 -1.099660105294847194e-03 -1.628270345683414206e-03 6.968380854813428955e-03 -1.099660105294847194e-03 -7.508298816504784846e-03 -8.558829220317319187e-05 -3.140506464860044061e-03 -3.184645994322134882e-03 -1.099660105294847194e-03 -7.749788667680231058e-03 5.171965623670145415e-04 6.968380854813428955e-03 -2.000039641232507527e-03 -1.095429441317148818e-02 -1.099660105294847194e-03 -1.099660105294847194e-03 -1.099660105294847194e-03 -1.099660105294847194e-03 -3.140506464860044061e-03 -7.749788667680231058e-03 1.733263981097243455e-03 6.968380854813428955e-03 2.542455860256872136e-03 3.585735782489809977e-03 -4.952129807818530377e-03 6.968380854813428955e-03 3.585735782489809977e-03 -2.911178658345988670e-04 3.585735782489809977e-03 2.542455860256872136e-03 -1.095429441317148818e-02 -3.184645994322134882e-03 -2.000039641232507527e-03 -4.952129807818530377e-03 -1.095429441317148818e-02 5.171965623670145415e-04 -3.872042943242918252e-03 6.968380854813428955e-03 -3.140506464860044061e-03 1.733263981097243455e-03 2.542455860256872136e-03 -1.095429441317148818e-02 5.171965623670145415e-04 -1.249241192739641848e-02 2.542455860256872136e-03 -4.952129807818530377e-03 -3.184645994322134882e-03 -6.823302503690092946e-03 -1.628270345683414206e-03 -1.099660105294847194e-03 1.733263981097243455e-03 -1.249241192739641848e-02 -6.823302503690092946e-03 -1.099660105294847194e-03 -2.911178658345988670e-04 3.585735782489809977e-03 -3.184645994322134882e-03 -6.823302503690092946e-03 5.171965623670145415e-04 -8.558829220317319187e-05 5.171965623670145415e-04 -4.952129807818530377e-03 -7.749788667680231058e-03 -2.455998128381754048e-03 -3.872042943242918252e-03 1.733263981097243455e-03 -7.508298816504784846e-03 -1.628270345683414206e-03 1.733263981097243455e-03 -2.455998128381754048e-03 6.968380854813428955e-03 -1.099660105294847194e-03 -2.000039641232507527e-03 -2.455998128381754048e-03 1.733263981097243455e-03 3.585735782489809977e-03 -3.140506464860044061e-03 -3.140506464860044061e-03 -4.952129807818530377e-03 2.542455860256872136e-03 -1.628270345683414206e-03 -2.911178658345988670e-04 -1.099660105294847194e-03 1.733263981097243455e-03 -7.749788667680231058e-03 2.542455860256872136e-03 -2.000039641232507527e-03 -2.455998128381754048e-03 -1.099660105294847194e-03 -7.508298816504784846e-03 -8.558829220317319187e-05 -4.952129807818530377e-03 -2.455998128381754048e-03 -3.140506464860044061e-03 -4.952129807818530377e-03 -1.249241192739641848e-02 6.968380854813428955e-03 -1.095429441317148818e-02 -3.184645994322134882e-03 -8.558829220317319187e-05 -6.823302503690092946e-03 -1.099660105294847194e-03 3.585735782489809977e-03 -4.952129807818530377e-03 -3.184645994322134882e-03 -4.952129807818530377e-03 -4.952129807818530377e-03 -7.749788667680231058e-03 -4.952129807818530377e-03 -2.911178658345988670e-04 -6.823302503690092946e-03 -3.872042943242918252e-03 -7.749788667680231058e-03 -1.095429441317148818e-02 6.968380854813428955e-03 -4.952129807818530377e-03 -2.455998128381754048e-03 -2.000039641232507527e-03 -7.508298816504784846e-03 -2.911178658345988670e-04 -3.872042943242918252e-03 -2.911178658345988670e-04 3.585735782489809977e-03 -2.455998128381754048e-03 3.585735782489809977e-03 1.733263981097243455e-03 -2.911178658345988670e-04 2.542455860256872136e-03 -2.455998128381754048e-03 -3.140506464860044061e-03 2.542455860256872136e-03 -6.823302503690092946e-03 -3.872042943242918252e-03 -1.099660105294847194e-03 -2.000039641232507527e-03 -2.455998128381754048e-03 6.968380854813428955e-03 -4.952129807818530377e-03 3.585735782489809977e-03 -2.455998128381754048e-03 -7.749788667680231058e-03 -3.140506464860044061e-03 1.733263981097243455e-03 1.733263981097243455e-03 -7.749788667680231058e-03 -3.184645994322134882e-03 -2.455998128381754048e-03 -2.911178658345988670e-04 3.585735782489809977e-03 -7.508298816504784846e-03 -4.952129807818530377e-03 -7.749788667680231058e-03 -1.099660105294847194e-03 5.171965623670145415e-04 -2.000039641232507527e-03 2.542455860256872136e-03 -2.911178658345988670e-04 2.542455860256872136e-03 -1.099660105294847194e-03 1.733263981097243455e-03 -3.872042943242918252e-03 6.968380854813428955e-03 -1.099660105294847194e-03 -3.872042943242918252e-03 -1.099660105294847194e-03 -1.249241192739641848e-02 6.968380854813428955e-03 5.171965623670145415e-04 3.585735782489809977e-03 -3.184645994322134882e-03
-6.823302503690092946e-03 5.171965623670145415e-04 -4.952129807818530377e-03 6.968380854813428955e-03 -2.000039641232507527e-03 -3.184645994322134882e-03 2.542455860256872136e-03 -1.249241192739641848e-02 -2.911178658345988670e-04 -1.628270345683414206e-03 -8.558829220317319187e-05 1.733263981097243455e-03 -3.184645994322134882e-03 -7.508298816504784846e-03 -4.952129807818530377e-03 -2.455998128381754048e-03 -1.628270345683414206e-03 -3.184645994322134882e-03 6.968380854813428955e-03 -1.099660105294847194e-03 -7.749788667680231058e-03 -1.249241192739641848e-02 -2.455998128381754048e-03 -2.000039641232507527e-03 -2.000039641232507527e-03 -2.911178658345988670e-04 -1.628270345683414206e-03 -2.455998128381754048e-03 -4.952129807818530377e-03 -1.095429441317148818e-02 -3.184645994322134882e-03 5.171965623670145415e-04 -3.140506464860044061e-03 -4.952129807818530377e-03 -7.508298816504784846e-03 2.542455860256872136e-03 1.733263981097243455e-03 -6.823302503690092946e-03 -4.952129807818530377e-03 -4.952129807818530377e-03 -4.952129807818530377e-03 6.968380854813428955e-03 -1.095429441317148818e-02 2.542455860256872136e-03 -7.749788667680231058e-03 -8.558829220317319187e-05 -8.558829220317319187e-05 -3.872042943242918252e-03 -1.628270345683414206e-03 -1.628270345683414206e-03 -1.628270345683414206e-03 -8.558829220317319187e-05 -7.749788667680231058e-03 -1.249241192739641848e-02 -3.872042943242918252e-03 -2.911178658345988670e-04 6.968380854813428955e-03 -6.823302503690092946e-03 2.542455860256872136e-03 -3.184645994322134882e-03 -1.249241192739641848e-02 -7.508298816504784846e-03 -4.952129807818530377e-03 -1.099660105294847194e-03 -7.749788667680231058e-03 5.171965623670145415e-04 -2.911178658345988670e-04 -4.952129807818530377e-03 -6.823302503690092946e-03 -1.095429441317148818e-02 -6.823302503690092946e-03 -4.952129807818530377e-03 -2.911178658345988670e-04 -3.872042943242918252e-03 -1.095429441317148818e-02 -7.749788667680231058e-03 1.733263981097243455e-03 -3.140506464860044061e-03 -1.099660105294847194e-03 -8.558829220317319187e-05 -1.095429441317148818e-02 5.171965623670145415e-04 -2.911178658345988670e-04 -4.952129807818530377e-03 -3.872042943242918252e-03 -2.000039641232507527e-03 -6.823302503690092946e-03 -1.099660105294847194e-03 -3.140506464860044061e-03 -7.749788667680231058e-03 -7.508298816504784846e-03 -2.000039641232507527e-03 -3.184645994322134882e-03 -8.558829220317319187e-05 -2.911178658345988670e-04 -6.823302503690092946e-03 -7.508298816504784846e-03 -1.099660105294847194e-03 2.542455860256872136e-03 -3.184645994322134882e-03 6.968380854813428955e-03 -1.099660105294847194e-03 -2.911178658345988670e-04 -1.628270345683414206e-03 -1.628270345683414206e-03 1.733263981097243455e-03 1.733263981097243455e-03 -1.095429441317148818e-02 -1.249241192739641848e-02 2.542455860256872136e-03 1.733263981097243455e-03 -1.099660105294847194e-03 -1.628270345683414206e-03 -1.628270345683414206e-03 -6.823302503690092946e-03 1.733263981097243455e-03 -4.952129807818530377e-03 -1.628270345683414206e-03 2.542455860256872136e-03 1.733263981097243455e-03 -3.184645994322134882e-03 -1.099660105294847194e-03 -7.508298816504784846e-03 -2.000039641232507527e-03 -7.508298816504784846e-03 6.968380854813428955e-03 -4.952129807818530377e-03 -3.140506464860044061e-03 -2.000039641232507527e-03 -4.952129807818530377e-03 -1.099660105294847194e-03 -1.628270345683414206e-03 6.968380854813428955e-03 -1.099660105294847194e-03 -7.508298816504784846e-03 -8.558829220317319187e-05 -3.140506464860044061e-03 -3.184645994322134882e-03 -1.099660105294847194e-03 -7.749788667680231058e-03 5.171965623670145415e-04 6.968380854813428955e-03 -2.000039641232507527e-03 -1.095429441317148818e-02 -1.099660105294847194e-03 -1.099660105294847194e-03 -1.099660105294847194e-03 -1.099660105294847194e-03 -3.140506464860044061e-03 -7.749788667680231058e-03 1.733263981097243455e-03 6.968380854813428955e-03 2.542455860256872136e-03 3.585735782489809977e-03 -4.952129807818530377e-03 6.968380854813428955e-03 3.585735782489809977e-03 -2.911178658345988670e-04 3.585735782489809977e-03 2.542455860256872136e-03 -1.095429441317148818e-02 -3.184645994322134882e-03 -2.000039641232507527e-03 -4.952129807818530377e-03 -1.095429441317148818e-02 5.171965623670145415e-04 -3.872042943242918252e-03 6.968380854813428955e-03 -3.140506464860044061e-03 1.733263981097243455e-03 2.542455860256872136e-03 -1.095429441317148818e-02 5.171965623670145415e-04 -1.249241192739641848e-02 2.542455860256872136e-03 -4.952129807818530377e-03 -3.184645994322134882e-03 -6.823302503690092946e-03 -1.628270345683414206e-03 -1.099660105294847194e-03 1.733263981097243455e-03 -1.249241192739641848e-02 -6.823302503690092946e-03 -1.099660105294847194e-03 -2.911178658345988670e-04 3.585735782489809977e-03 -3.184645994322134882e-03 -6.823302503690092946e-03 5.171965623670145415e-04 -8.558829220317319187e-05 5.171965623670145415e-04 -4.952129807818530377e-03 -7.749788667680231058e-03 -2.455998128381754048e-03 -3.872042943242918252e-03 1.733263981097243455e-03 -7.508298816504784846e-03 -1.628270345683414206e-03 1.733263981097243455e-03 -2.455998128381754048e-03 6.968380854813428955e-03 -1.099660105294847194e-03 -2.000039641232507527e-03 -2.455998128381754048e-03 1.733263981097243455e-03 3.585735782489809977e-03 -3.140506464860044061e-03 -3.140506464860044061e-03 -4.952129807818530377e-03 2.542455860256872136e-03 -1.628270345683414206e-03 -2.911178658345988670e-04 -1.099660105294847194e-03 1.733263981097243455e-03 -7.749788667680231058e-03 2.542455860256872136e-03 -2.000039641232507527e-03 -2.455998128381754048e-03 -1.099660105294847194e-03 -7.508298816504784846e-03 -8.558829220317319187e-05 -4.952129807818530377e-03 -2.455998128381754048e-03 -3.140506464860044061e-03 -4.952129807818530377e-03 -1.249241192739641848e-02 6.968380854813428955e-03 -1.095429441317148818e-02 -3.184645994322134882e-03 -8.558829220317319187e-05 -6.823302503690092946e-03 -1.099660105294847194e-03 3.585735782489809977e-03 -4.952129807818530377e-03 -3.184645994322134882e-03 -4.952129807818530377e-03 -4.952129807818530377e-03 -7.749788667680231058e-03 -4.952129807818530377e-03 -2.911178658345988670e-04 -6.823302503690092946e-03 -3.872042943242918252e-03 -7.749788667680231058e-03 -1.095429441317148818e-02 6.968380854813428955e-03 -4.952129807818530377e-03 -2.455998128381754048e-03 -2.000039641232507527e-03 -7.508298816504784846e-03 -2.911178658345988670e-04 -3.872042943242918252e-03 -2.911178658345988670e-04 3.585735782489809977e-03 -2.455998128381754048e-03 3.585735782489809977e-03 1.733263981097243455e-03 -2.911178658345988670e-04 2.542455860256872136e-03 -2.455998128381754048e-03 -3.140506464860044061e-03 2.542455860256872136e-03 -6.823302503690092946e-03 -3.872042943242918252e-03 -1.099660105294847194e-03 -2.000039641232507527e-03 -2.455998128381754048e-03 6.968380854813428955e-03 -4.952129807818530377e-03 3.585735782489809977e-03 -2.455998128381754048e-03 -7.749788667680231058e-03 -3.140506464860044061e-03 1.733263981097243455e-03 1.733263981097243455e-03 -7.749788667680231058e-03 -3.184645994322134882e-03 -2.455998128381754048e-03 -2.911178658345988670e-04 3.585735782489809977e-03 -7.508298816504784846e-03 -4.952129807818530377e-03 -7.749788667680231058e-03 -1.099660105294847194e-03 5.171965623670145415e-04 -2.000039641232507527e-03 2.542455860256872136e-03 -2.911178658345988670e-04 2.542455860256872136e-03 -1.099660105294847194e-03 1.733263981097243455e-03 -3.872042943242918252e-03 6.968380854813428955e-03 -1.099660105294847194e-03 -3.872042943242918252e-03 -1.099660105294847194e-03 -1.249241192739641848e-02 6.968380854813428955e-03 5.171965623670145415e-04 3.585735782489809977e-03 -3.184645994322134882e-03
-2.130902150212992882e-02 7.715679744791092975e-04 -5.074237574346870082e-03 -3.965107781652465677e-03 -6.321357579748066065e-03 -7.226455173391741621e-03 -7.119577160431342887e-03 -1.754295498050379223e-02 5.640902782853248528e-04 -4.482281961595422498e-03 -5.885338395290411889e-03 -1.370297412828018133e-02 -7.226455173391741621e-03 -1.810095164182285235e-02 -5.074237574346870082e-03 -8.474449359563002854e-03 -4.482281961595422498e-03 -7.226455173391741621e-03 -3.965107781652465677e-03 -3.415510727820539588e-03 9.383592623737717353e-03 -1.754295498050379223e-02 -8.474449359563002854e-03 -6.321357579748066065e-03 -6.321357579748066065e-03 5.640902782853248528e-04 -4.482281961595422498e-03 -8.474449359563002854e-03 -5.074237574346870082e-03 -1.704962070306596800e-02 -7.226455173391741621e-03 7.715679744791092975e-04 1.127865040562734626e-03 -5.074237574346870082e-03 -1.810095164182285235e-02 -7.119577160431342887e-03 -1.370297412828018133e-02 -2.130902150212992882e-02 -5.074237574346870082e-03 -5.074237574346870082e-03 -5.074237574346870082e-03 -3.965107781652465677e-03 -1.704962070306596800e-02 -7.119577160431342887e-03 9.383592623737717353e-03 -5.885338395290411889e-03 -5.885338395290411889e-03 -6.222186062551591720e-03 -4.482281961595422498e-03 -4.482281961595422498e-03 -4.482281961595422498e-03 -5.885338395290411889e-03 9.383592623737717353e-03 -1.754295498050379223e-02 -6.222186062551591720e-03 5.640902782853248528e-04 -3.965107781652465677e-03 -2.130902150212992882e-02 -7.119577160431342887e-03 -7.226455173391741621e-03 -1.754295498050379223e-02 -1.810095164182285235e-02 -5.074237574346870082e-03 -3.415510727820539588e-03 9.383592623737717353e-03 7.715679744791092975e-04 5.640902782853248528e-04 -5.074237574346870082e-03 -2.130902150212992882e-02 -1.704962070306596800e-02 -2.130902150212992882e-02 -5.074237574346870082e-03 5.640902782853248528e-04 -6.222186062551591720e-03 -1.704962070306596800e-02 9.383592623737717353e-03 -1.370297412828018133e-02 1.127865040562734626e-03 -3.415510727820539588e-03 -5.885338395290411889e-03 -1.704962070306596800e-02 7.715679744791092975e-04 5.640902782853248528e-04 -5.074237574346870082e-03 -6.222186062551591720e-03 -6.321357579748066065e-03 -2.130902150212992882e-02 -3.415510727820539588e-03 1.127865040562734626e-03 9.383592623737717353e-03 -1.810095164182285235e-02 -6.321357579748066065e-03 -7.226455173391741621e-03 -5.885338395290411889e-03 5.640902782853248528e-04 -2.130902150212992882e-02 -1.810095164182285235e-02 -3.415510727820539588e-03 -7.119577160431342887e-03 -7.226455173391741621e-03 -3.965107781652465677e-03 -3.415510727820539588e-03 5.640902782853248528e-04 -4.482281961595422498e-03 -4.482281961595422498e-03 -1.370297412828018133e-02 -1.370297412828018133e-02 -1.704962070306596800e-02 -1.754295498050379223e-02 -7.119577160431342887e-03 -1.370297412828018133e-02 -3.415510727820539588e-03 -4.482281961595422498e-03 -4.482281961595422498e-03 -2.130902150212992882e-02 -1.370297412828018133e-02 -5.074237574346870082e-03 -4.482281961595422498e-03 -7.119577160431342887e-03 -1.370297412828018133e-02 -7.226455173391741621e-03 -3.415510727820539588e-03 -1.810095164182285235e-02 -6.321357579748066065e-03 -1.810095164182285235e-02 -3.965107781652465677e-03 -5.074237574346870082e-03 1.127865040562734626e-03 -6.321357579748066065e-03 -5.074237574346870082e-03 -3.415510727820539588e-03 -4.482281961595422498e-03 -3.965107781652465677e-03 -3.415510727820539588e-03 -1.810095164182285235e-02 -5.885338395290411889e-03 1.127865040562734626e-03 -7.226455173391741621e-03 -3.415510727820539588e-03 9.383592623737717353e-03 7.715679744791092975e-04 -3.965107781652465677e-03 -6.321357579748066065e-03 -1.704962070306596800e-02 -3.415510727820539588e-03 -3.415510727820539588e-03 -3.415510727820539588e-03 -3.415510727820539588e-03 1.127865040562734626e-03 9.383592623737717353e-03 -1.370297412828018133e-02 -3.965107781652465677e-03 -7.119577160431342887e-03 -6.940924744572588706e-03 -5.074237574346870082e-03 -3.965107781652465677e-03 -6.940924744572588706e-03 5.640902782853248528e-04 -6.940924744572588706e-03 -7.119577160431342887e-03 -1.704962070306596800e-02 -7.226455173391741621e-03 -6.321357579748066065e-03 -5.074237574346870082e-03 -1.704962070306596800e-02 7.715679744791092975e-04 -6.222186062551591720e-03 -3.965107781652465677e-03 1.127865040562734626e-03 -1.370297412828018133e-02 -7.119577160431342887e-03 -1.704962070306596800e-02 7.715679744791092975e-04 -1.754295498050379223e-02 -7.119577160431342887e-03 -5.074237574346870082e-03 -7.226455173391741621e-03 -2.130902150212992882e-02 -4.482281961595422498e-03 -3.415510727820539588e-03 -1.370297412828018133e-02 -1.754295498050379223e-02 -2.130902150212992882e-02 -3.415510727820539588e-03 5.640902782853248528e-04 -6.940924744572588706e-03 -7.226455173391741621e-03 -2.130902150212992882e-02 7.715679744791092975e-04 -5.885338395290411889e-03 7.715679744791092975e-04 -5.074237574346870082e-03 9.383592623737717353e-03 -8.474449359563002854e-03 -6.222186062551591720e-03 -1.370297412828018133e-02 -1.810095164182285235e-02 -4.482281961595422498e-03 -1.370297412828018133e-02 -8.474449359563002854e-03 -3.965107781652465677e-03 -3.415510727820539588e-03 -6.321357579748066065e-03 -8.474449359563002854e-03 -1.370297412828018133e-02 -6.940924744572588706e-03 1.127865040562734626e-03 1.127865040562734626e-03 -5.074237574346870082e-03 -7.119577160431342887e-03 -4.482281961595422498e-03 5.640902782853248528e-04 -3.415510727820539588e-03 -1.370297412828018133e-02 9.383592623737717353e-03 -7.119577160431342887e-03 -6.321357579748066065e-03 -8.474449359563002854e-03 -3.415510727820539588e-03 -1.810095164182285235e-02 -5.885338395290411889e-03 -5.074237574346870082e-03 -8.474449359563002854e-03 1.127865040562734626e-03 -5.074237574346870082e-03 -1.754295498050379223e-02 -3.965107781652465677e-03 -1.704962070306596800e-02 -7.226455173391741621e-03 -5.885338395290411889e-03 -2.130902150212992882e-02 -3.415510727820539588e-03 -6.940924744572588706e-03 -5.074237574346870082e-03 -7.226455173391741621e-03 -5.074237574346870082e-03 -5.074237574346870082e-03 9.383592623737717353e-03 -5.074237574346870082e-03 5.640902782853248528e-04 -2.130902150212992882e-02 -6.222186062551591720e-03 9.383592623737717353e-03 -1.704962070306596800e-02 -3.965107781652465677e-03 -5.074237574346870082e-03 -8.474449359563002854e-03 -6.321357579748066065e-03 -1.810095164182285235e-02 5.640902782853248528e-04 -6.222186062551591720e-03 5.640902782853248528e-04 -6.940924744572588706e-03 -8.474449359563002854e-03 -6.940924744572588706e-03 -1.370297412828018133e-02 5.640902782853248528e-04 -7.119577160431342887e-03 -8.474449359563002854e-03 1.127865040562734626e-03 -7.119577160431342887e-03 -2.130902150212992882e-02 -6.222186062551591720e-03 -3.415510727820539588e-03 -6.321357579748066065e-03 -8.474449359563002854e-03 -3.965107781652465677e-03 -5.074237574346870082e-03 -6.940924744572588706e-03 -8.474449359563002854e-03 9.383592623737717353e-03 1.127865040562734626e-03 -1.370297412828018133e-02 -1.370297412828018133e-02 9.383592623737717353e-03 -7.226455173391741621e-03 -8.474449359563002854e-03 5.640902782853248528e-04 -6.940924744572588706e-03 -1.810095164182285235e-02 -5.074237574346870082e-03 9.383592623737717353e-03 -3.415510727820539588e-03 7.715679744791092975e-04 -6.321357579748066065e-03 -7.119577160431342887e-03 5.640902782853248528e-04 -7.119577160431342887e-03 -3.415510727820539588e-03 -1.370297412828018133e-02 -6.222186062551591720e-03 -3.965107781652465677e-03 -3.415510727820539588e-03 -6.222186062551591720e-03 -3.415510727820539588e-03 -1.754295498050379223e-02 -3.965107781652465677e-03 7.715679744791092975e-04 -6.940924744572588706e-03 -7.226455173391741621e-03
-2.130902150212992882e-02 7.715679744791092975e-04 -5.074237574346870082e-03 -3.965107781652465677e-03 -6.321357579748066065e-03 -7.226455173391741621e-03 -7.119577160431342887e-03 -1.754295498050379223e-02 5.640902782853248528e-04 -4.482281961595422498e-03 -5.885338395290411889e-03 -1.370297412828018133e-02 -7.226455173391741621e-03 -1.810095164182285235e-02 -5.074237574346870082e-03 -8.474449359563002854e-03 -4.482281961595422498e-03 -7.226455173391741621e-03 -3.965107781652465677e-03 -3.415510727820539588e-03 9.383592623737717353e-03 -1.754295498050379223e-02 -8.474449359563002854e-03 -6.321357579748066065e-03 -6.321357579748066065e-03 5.640902782853248528e-04 -4.482281961595422498e-03 -8.474449359563002854e-03 -5.074237574346870082e-03 -1.704962070306596800e-02 -7.226455173391741621e-03 7.715679744791092975e-04 1.127865040562734626e-03 -5.074237574346870082e-03 -1.810095164182285235e-02 -7.119577160431342887e-03 -1.370297412828018133e-02 -2.130902150212992882e-02 -5.074237574346870082e-03 -5.074237574346870082e-03 -5.074237574346870082e-03 -3.965107781652465677e-03 -1.704962070306596800e-02 -7.119577160431342887e-03 9.383592623737717353e-03 -5.885338395290411889e-03 -5.885338395290411889e-03 -6.222186062551591720e-03 -4.482281961595422498e-03 -4.482281961595422498e-03 -4.482281961595422498e-03 -5.885338395290411889e-03 9.383592623737717353e-03 -1.754295498050379223e-02 -6.222186062551591720e-03 5.640902782853248528e-04 -3.965107781652465677e-03 -2.130902150212992882e-02 -7.119577160431342887e-03 -7.226455173391741621e-03 -1.754295498050379223e-02 -1.810095164182285235e-02 -5.074237574346870082e-03 -3.415510727820539588e-03 9.383592623737717353e-03 7.715679744791092975e-04 5.640902782853248528e-04 -5.074237574346870082e-03 -2.130902150212992882e-02 -1.704962070306596800e-02 -2.130902150212992882e-02 -5.074237574346870082e-03 5.640902782853248528e-04 -6.222186062551591720e-03 -1.704962070306596800e-02 9.383592623737717353e-03 -1.370297412828018133e-02 1.127865040562734626e-03 -3.415510727820539588e-03 -5.885338395290411889e-03 -1.704962070306596800e-02 7.715679744791092975e-04 5.640902782853248528e-04 -5.074237574346870082e-03 -6.222186062551591720e-03 -6.321357579748066065e-03 -2.130902150212992882e-02 -3.415510727820539588e-03 1.127865040562734626e-03 9.383592623737717353e-03 -1.810095164182285235e-02 -6.321357579748066065e-03 -7.226455173391741621e-03 -5.885338395290411889e-03 5.640902782853248528e-04 -2.130902150212992882e-02 -1.810095164182285235e-02 -3.415510727820539588e-03 -7.119577160431342887e-03 -7.226455173391741621e-03 -3.965107781652465677e-03 -3.415510727820539588e-03 5.640902782853248528e-04 -4.482281961595422498e-03 -4.482281961595422498e-03 -1.370297412828018133e-02 -1.370297412828018133e-02 -1.704962070306596800e-02 -1.754295498050379223e-02 -7.119577160431342887e-03 -1.370297412828018133e-02 -3.415510727820539588e-03 -4.482281961595422498e-03 -4.482281961595422498e-03 -2.130902150212992882e-02 -1.370297412828018133e-02 -5.074237574346870082e-03 -4.482281961595422498e-03 -7.119577160431342887e-03 -1.370297412828018133e-02 -7.226455173391741621e-03 -3.415510727820539588e-03 -1.810095164182285235e-02 -6.321357579748066065e-03 -1.810095164182285235e-02 -3.965107781652465677e-03 -5.074237574346870082e-03 1.127865040562734626e-03 -6.321357579748066065e-03 -5.074237574346870082e-03 -3.415510727820539588e-03 -4.482281961595422498e-03 -3.965107781652465677e-03 -3.415510727820539588e-03 -1.810095164182285235e-02 -5.885338395290411889e-03 1.127865040562734626e-03 -7.226455173391741621e-03 -3.415510727820539588e-03 9.383592623737717353e-03 7.715679744791092975e-04 -3.965107781652465677e-03 -6.321357579748066065e-03 -1.704962070306596800e-02 -3.415510727820539588e-03 -3.415510727820539588e-03 -3.415510727820539588e-03 -3.415510727820539588e-03 1.127865040562734626e-03 9.383592623737717353e-03 -1.370297412828018133e-02 -3.965107781652465677e-03 -7.119577160431342887e-03 -6.940924744572588706e-03 -5.074237574346870082e-03 -3.965107781652465677e-03 -6.940924744572588706e-03 5.640902782853248528e-04 -6.940924744572588706e-03 -7.119577160431342887e-03 -1.704962070306596800e-02 -7.226455173391741621e-03 -6.321357579748066065e-03 -5.074237574346870082e-03 -1.704962070306596800e-02 7.715679744791092975e-04 -6.222186062551591720e-03 -3.965107781652465677e-03 1.127865040562734626e-03 -1.370297412828018133e-02 -7.119577160431342887e-03 -1.704962070306596800e-02 7.715679744791092975e-04 -1.754295498050379223e-02 -7.119577160431342887e-03 -5.074237574346870082e-03 -7.226455173391741621e-03 -2.130902150212992882e-02 -4.482281961595422498e-03 -3.415510727820539588e-03 -1.370297412828018133e-02 -1.754295498050379223e-02 -2.130902150212992882e-02 -3.415510727820539588e-03 5.640902782853248528e-04 -6.940924744572588706e-03 -7.226455173391741621e-03 -2.130902150212992882e-02 7.715679744791092975e-04 -5.885338395290411889e-03 7.715679744791092975e-04 -5.074237574346870082e-03 9.383592623737717353e-03 -8.474449359563002854e-03 -6.222186062551591720e-03 -1.370297412828018133e-02 -1.810095164182285235e-02 -4.482281961595422498e-03 -1.370297412828018133e-02 -8.474449359563002854e-03 -3.965107781652465677e-03 -3.415510727820539588e-03 -6.321357579748066065e-03 -8.474449359563002854e-03 -1.370297412828018133e-02 -6.940924744572588706e-03 1.127865040562734626e-03 1.127865040562734626e-03 -5.074237574346870082e-03 -7.119577160431342887e-03 -4.482281961595422498e-03 5.640902782853248528e-04 -3.415510727820539588e-03 -1.370297412828018133e-02 9.383592623737717353e-03 -7.119577160431342887e-03 -6.321357579748066065e-03 -8.474449359563002854e-03 -3.415510727820539588e-03 -1.810095164182285235e-02 -5.885338395290411889e-03 -5.074237574346870082e-03 -8.474449359563002854e-03 1.127865040562734626e-03 -5.074237574346870082e-03 -1.754295498050379223e-02 -3.965107781652465677e-03 -1.704962070306596800e-02 -7.226455173391741621e-03 -5.885338395290411889e-03 -2.130902150212992882e-02 -3.415510727820539588e-03 -6.940924744572588706e-03 -5.074237574346870082e-03 -7.226455173391741621e-03 -5.074237574346870082e-03 -5.074237574346870082e-03 9.383592623737717353e-03 -5.074237574346870082e-03 5.640902782853248528e-04 -2.130902150212992882e-02 -6.222186062551591720e-03 9.383592623737717353e-03 -1.704962070306596800e-02 -3.965107781652465677e-03 -5.074237574346870082e-03 -8.474449359563002854e-03 -6.321357579748066065e-03 -1.810095164182285235e-02 5.640902782853248528e-04 -6.222186062551591720e-03 5.640902782853248528e-04 -6.940924744572588706e-03 -8.474449359563002854e-03 -6.940924744572588706e-03 -1.370297412828018133e-02 5.640902782853248528e-04 -7.119577160431342887e-03 -8.474449359563002854e-03 1.127865040562734626e-03 -7.119577160431342887e-03 -2.130902150212992882e-02 -6.222186062551591720e-03 -3.415510727820539588e-03 -6.321357579748066065e-03 -8.474449359563002854e-03 -3.965107781652465677e-03 -5.074237574346870082e-03 -6.940924744572588706e-03 -8.474449359563002854e-03 9.383592623737717353e-03 1.127865040562734626e-03 -1.370297412828018133e-02 -1.370297412828018133e-02 9.383592623737717353e-03 -7.226455173391741621e-03 -8.474449359563002854e-03 5.640902782853248528e-04 -6.940924744572588706e-03 -1.810095164182285235e-02 -5.074237574346870082e-03 9.383592623737717353e-03 -3.415510727820539588e-03 7.715679744791092975e-04 -6.321357579748066065e-03 -7.119577160431342887e-03 5.640902782853248528e-04 -7.119577160431342887e-03 -3.415510727820539588e-03 -1.370297412828018133e-02 -6.222186062551591720e-03 -3.965107781652465677e-03 -3.415510727820539588e-03 -6.222186062551591720e-03 -3.415510727820539588e-03 -1.754295498050379223e-02 -3.965107781652465677e-03 7.715679744791092975e-04 -6.940924744572588706e-03 -7.226455173391741621e-03
-2.130902150212992882e-02 7.715679744791092975e-04 -5.074237574346870082e-03 -3.965107781652465677e-03 -6.321357579748066065e-03 -7.226455173391741621e-03 -7.119577160431342887e-03 -1.754295498050379223e-02 5.640902782853248528e-04 -4.482281961595422498e-03 -5.885338395290411889e-03 -1.370297412828018133e-02 -7.226455173391741621e-03 -1.810095164182285235e-02 -5.074237574346870082e-03 -8.474449359563002854e-03 -4.482281961595422498e-03 -7.226455173391741621e-03 -3.965107781652465677e-03 -3.415510727820539588e-03 9.383592623737717353e-03 -1.754295498050379223e-02 -8.474449359563002854e-03 -6.321357579748066065e-03 -6.321357579748066065e-03 5.640902782853248528e-04 -4.482281961595422498e-03 -8.474449359563002854e-03 -5.074237574346870082e-03 -1.704962070306596800e-02 -7.226455173391741621e-03 7.715679744791092975e-04 1.127865040562734626e-03 -5.074237574346870082e-03 -1.810095164182285235e-02 -7.119577160431342887e-03 -1.370297412828018133e-02 -2.130902150212992882e-02 -5.074237574346870082e-03 -5.074237574346870082e-03 -5.074237574346870082e-03 -3.965107781652465677e-03 -1.704962070306596800e-02 -7.119577160431342887e-03 9.383592623737717353e-03 -5.885338395290411889e-03 -5.885338395290411889e-03 -6.222186062551591720e-03 -4.482281961595422498e-03 -4.482281961595422498e-03 -4.482281961595422498e-03 -5.885338395290411889e-03 9.383592623737717353e-03 -1.754295498050379223e-02 -6.222186062551591720e-03 5.640902782853248528e-04 -3.965107781652465677e-03 -2.130902150212992882e-02 -7.119577160431342887e-03 -7.226455173391741621e-03 -1.754295498050379223e-02 -1.810095164182285235e-02 -5.074237574346870082e-03 -3.415510727820539588e-03 9.383592623737717353e-03 7.715679744791092975e-04 5.640902782853248528e-04 -5.074237574346870082e-03 -2.130902150212992882e-02 -1.704962070306596800e-02 -2.130902150212992882e-02 -5.074237574346870082e-03 5.640902782853248528e-04 -6.222186062551591720e-03 -1.704962070306596800e-02 9.383592623737717353e-03 -1.370297412828018133e-02 1.127865040562734626e-03 -3.415510727820539588e-03 -5.885338395290411889e-03 -1.704962070306596800e-02 7.715679744791092975e-04 5.640902782853248528e-04 -5.074237574346870082e-03 -6.222186062551591720e-03 -6.321357579748066065e-03 -2.130902150212992882e-02 -3.415510727820539588e-03 1.127865040562734626e-03 9.383592623737717353e-03 -1.810095164182285235e-02 -6.321357579748066065e-03 -7.226455173391741621e-03 -5.885338395290411889e-03 5.640902782853248528e-04 -2.130902150212992882e-02 -1.810095164182285235e-02 -3.415510727820539588e-03 -7.119577160431342887e-03 -7.226455173391741621e-03 -3.965107781652465677e-03 -3.415510727820539588e-03 5.640902782853248528e-04 -4.482281961595422498e-03 -4.482281961595422498e-03 -1.370297412828018133e-02 -1.370297412828018133e-02 -1.704962070306596800e-02 -1.754295498050379223e-02 -7.119577160431342887e-03 -1.370297412828018133e-02 -3.415510727820539588e-03 -4.482281961595422498e-03 -4.482281961595422498e-03 -2.130902150212992882e-02 -1.370297412828018133e-02 -5.074237574346870082e-03 -4.482281961595422498e-03 -7.119577160431342887e-03 -1.370297412828018133e-02 -7.226455173391741621e-03 -3.415510727820539588e-03 -1.810095164182285235e-02 -6.321357579748066065e-03 -1.810095164182285235e-02 -3.965107781652465677e-03 -5.074237574346870082e-03 1.127865040562734626e-03 -6.321357579748066065e-03 -5.074237574346870082e-03 -3.415510727820539588e-03 -4.482281961595422498e-03 -3.965107781652465677e-03 -3.415510727820539588e-03 -1.810095164182285235e-02 -5.885338395290411889e-03 1.127865040562734626e-03 -7.226455173391741621e-03 -3.415510727820539588e-03 9.383592623737717353e-03 7.715679744791092975e-04 -3.965107781652465677e-03 -6.321357579748066065e-03 -1.704962070306596800e-02 -3.415510727820539588e-03 -3.415510727820539588e-03 -3.415510727820539588e-03 -3.415510727820539588e-03 1.127865040562734626e-03 9.383592623737717353e-03 -1.370297412828018133e-02 -3.965107781652465677e-03 -7.119577160431342887e-03 -6.940924744572588706e-03 -5.074237574346870082e-03 -3.965107781652465677e-03 -6.940924744572588706e-03 5.640902782853248528e-04 -6.940924744572588706e-03 -7.119577160431342887e-03 -1.704962070306596800e-02 -7.226455173391741621e-03 -6.321357579748066065e-03 -5.074237574346870082e-03 -1.704962070306596800e-02 7.715679744791092975e-04 -6.222186062551591720e-03 -3.965107781652465677e-03 1.127865040562734626e-03 -1.370297412828018133e-02 -7.119577160431342887e-03 -1.704962070306596800e-02 7.715679744791092975e-04 -1.754295498050379223e-02 -7.119577160431342887e-03 -5.074237574346870082e-03 -7.226455173391741621e-03 -2.130902150212992882e-02 -4.482281961595422498e-03 -3.415510727820539588e-03 -1.370297412828018133e-02 -1.754295498050379223e-02 -2.130902150212992882e-02 -3.415510727820539588e-03 5.640902782853248528e-04 -6.940924744572588706e-03 -7.226455173391741621e-03 -2.130902150212992882e-02 7.715679744791092975e-04 -5.885338395290411889e-03 7.715679744791092975e-04 -5.074237574346870082e-03 9.383592623737717353e-03 -8.474449359563002854e-03 -6.222186062551591720e-03 -1.370297412828018133e-02 -1.810095164182285235e-02 -4.482281961595422498e-03 -1.370297412828018133e-02 -8.474449359563002854e-03 -3.965107781652465677e-03 -3.415510727820539588e-03 -6.321357579748066065e-03 -8.474449359563002854e-03 -1.370297412828018133e-02 -6.940924744572588706e-03 1.127865040562734626e-03 1.127865040562734626e-03 -5.074237574346870082e-03 -7.119577160431342887e-03 -4.482281961595422498e-03 5.640902782853248528e-04 -3.415510727820539588e-03 -1.370297412828018133e-02 9.383592623737717353e-03 -7.119577160431342887e-03 -6.321357579748066065e-03 -8.474449359563002854e-03 -3.415510727820539588e-03 -1.810095164182285235e-02 -5.885338395290411889e-03 -5.074237574346870082e-03 -8.474449359563002854e-03 1.127865040562734626e-03 -5.074237574346870082e-03 -1.754295498050379223e-02 -3.965107781652465677e-03 -1.704962070306596800e-02 -7.226455173391741621e-03 -5.885338395290411889e-03 -2.130902150212992882e-02 -3.415510727820539588e-03 -6.940924744572588706e-03 -5.074237574346870082e-03 -7.226455173391741621e-03 -5.074237574346870082e-03 -5.074237574346870082e-03 9.383592623737717353e-03 -5.074237574346870082e-03 5.640902782853248528e-04 -2.130902150212992882e-02 -6.222186062551591720e-03 9.383592623737717353e-03 -1.704962070306596800e-02 -3.965107781652465677e-03 -5.074237574346870082e-03 -8.474449359563002854e-03 -6.321357579748066065e-03 -1.810095164182285235e-02 5.640902782853248528e-04 -6.222186062551591720e-03 5.640902782853248528e-04 -6.940924744572588706e-03 -8.474449359563002854e-03 -6.940924744572588706e-03 -1.370297412828018133e-02 5.640902782853248528e-04 -7.119577160431342887e-03 -8.474449359563002854e-03 1.127865040562734626e-03 -7.119577160431342887e-03 -2.130902150212992882e-02 -6.222186062551591720e-03 -3.415510727820539588e-03 -6.321357579748066065e-03 -8.474449359563002854e-03 -3.965107781652465677e-03 -5.074237574346870082e-03 -6.940924744572588706e-03 -8.474449359563002854e-03 9.383592623737717353e-03 1.127865040562734626e-03 -1.370297412828018133e-02 -1.370297412828018133e-02 9.383592623737717353e-03 -7.226455173391741621e-03 -8.474449359563002854e-03 5.640902782853248528e-04 -6.940924744572588706e-03 -1.810095164182285235e-02 -5.074237574346870082e-03 9.383592623737717353e-03 -3.415510727820539588e-03 7.715679744791092975e-04 -6.321357579748066065e-03 -7.119577160431342887e-03 5.640902782853248528e-04 -7.119577160431342887e-03 -3.415510727820539588e-03 -1.370297412828018133e-02 -6.222186062551591720e-03 -3.965107781652465677e-03 -3.415510727820539588e-03 -6.222186062551591720e-03 -3.415510727820539588e-03 -1.754295498050379223e-02 -3.965107781652465677e-03 7.715679744791092975e-04 -6.940924744572588706e-03 -7.226455173391741621e-03
-2.130902150212992882e-02 7.715679744791092975e-04 -5.074237574346870082e-03 -3.965107781652465677e-03 -6.321357579748066065e-03 -7.226455173391741621e-03 -7.119577160431342887e-03 -1.754295498050379223e-02 5.640902782853248528e-04 -4.482281961595422498e-03 -5.885338395290411889e-03 -1.370297412828018133e-02 -7.226455173391741621e-03 -1.810095164182285235e-02 -5.074237574346870082e-03 -8.474449359563002854e-03 -4.482281961595422498e-03 -7.226455173391741621e-03 -3.965107781652465677e-03 -3.415510727820539588e-03 9.383592623737717353e-03 -1.754295498050379223e-02 -8.474449359563002854e-03 -6.321357579748066065e-03 -6.321357579748066065e-03 5.640902782853248528e-04 -4.482281961595422498e-03 -8.474449359563002854e-03 -5.074237574346870082e-03 -1.704962070306596800e-02 -7.226455173391741621e-03 7.715679744791092975e-04 1.127865040562734626e-03 -5.074237574346870082e-03 -1.810095164182285235e-02 -7.119577160431342887e-03 -1.370297412828018133e-02 -2.130902150212992882e-02 -5.074237574346870082e-03 -5.074237574346870082e-03 -5.074237574346870082e-03 -3.965107781652465677e-03 -1.704962070306596800e-02 -7.119577160431342887e-03 9.383592623737717353e-03 -5.885338395290411889e-03 -5.885338395290411889e-03 -6.222186062551591720e-03 -4.482281961595422498e-03 -4.482281961595422498e-03 -4.482281961595422498e-03 -5.885338395290411889e-03 9.383592623737717353e-03 -1.754295498050379223e-02 -6.222186062551591720e-03 5.640902782853248528e-04 -3.965107781652465677e-03 -2.130902150212992882e-02 -7.119577160431342887e-03 -7.226455173391741621e-03 -1.754295498050379223e-02 -1.810095164182285235e-02 -5.074237574346870082e-03 -3.415510727820539588e-03 9.383592623737717353e-03 7.715679744791092975e-04 5.640902782853248528e-04 -5.074237574346870082e-03 -2.130902150212992882e-02 -1.704962070306596800e-02 -2.130902150212992882e-02 -5.074237574346870082e-03 5.640902782853248528e-04 -6.222186062551591720e-03 -1.704962070306596800e-02 9.383592623737717353e-03 -1.370297412828018133e-02 1.127865040562734626e-03 -3.415510727820539588e-03 -5.885338395290411889e-03 -1.704962070306596800e-02 7.715679744791092975e-04 5.640902782853248528e-04 -5.074237574346870082e-03 -6.222186062551591720e-03 -6.321357579748066065e-03 -2.130902150212992882e-02 -3.415510727820539588e-03 1.127865040562734626e-03 9.383592623737717353e-03 -1.810095164182285235e-02 -6.321357579748066065e-03 -7.226455173391741621e-03 -5.885338395290411889e-03 5.640902782853248528e-04 -2.130902150212992882e-02 -1.810095164182285235e-02 -3.415510727820539588e-03 -7.119577160431342887e-03 -7.226455173391741621e-03 -3.965107781652465677e-03 -3.415510727820539588e-03 5.640902782853248528e-04 -4.482281961595422498e-03 -4.482281961595422498e-03 -1.370297412828018133e-02 -1.370297412828018133e-02 -1.704962070306596800e-02 -1.754295498050379223e-02 -7.119577160431342887e-03 -1.370297412828018133e-02 -3.415510727820539588e-03 -4.482281961595422498e-03 -4.482281961595422498e-03 -2.130902150212992882e-02 -1.370297412828018133e-02 -5.074237574346870082e-03 -4.482281961595422498e-03 -7.119577160431342887e-03 -1.370297412828018133e-02 -7.226455173391741621e-03 -3.415510727820539588e-03 -1.810095164182285235e-02 -6.321357579748066065e-03 -1.810095164182285235e-02 -3.965107781652465677e-03 -5.074237574346870082e-03 1.127865040562734626e-03 -6.321357579748066065e-03 -5.074237574346870082e-03 -3.415510727820539588e-03 -4.482281961595422498e-03 -3.965107781652465677e-03 -3.415510727820539588e-03 -1.810095164182285235e-02 -5.885338395290411889e-03 1.127865040562734626e-03 -7.226455173391741621e-03 -3.415510727820539588e-03 9.383592623737717353e-03 7.715679744791092975e-04 -3.965107781652465677e-03 -6.321357579748066065e-03 -1.704962070306596800e-02 -3.415510727820539588e-03 -3.415510727820539588e-03 -3.415510727820539588e-03 -3.415510727820539588e-03 1.127865040562734626e-03 9.383592623737717353e-03 -1.370297412828018133e-02 -3.965107781652465677e-03 -7.119577160431342887e-03 -6.940924744572588706e-03 -5.074237574346870082e-03 -3.965107781652465677e-03 -6.940924744572588706e-03 5.640902782853248528e-04 -6.940924744572588706e-03 -7.119577160431342887e-03 -1.704962070306596800e-02 -7.226455173391741621e-03 -6.321357579748066065e-03 -5.074237574346870082e-03 -1.704962070306596800e-02 7.715679744791092975e-04 -6.222186062551591720e-03 -3.965107781652465677e-03 1.127865040562734626e-03 -1.370297412828018133e-02 -7.119577160431342887e-03 -1.704962070306596800e-02 7.715679744791092975e-04 -1.754295498050379223e-02 -7.119577160431342887e-03 -5.074237574346870082e-03 -7.226455173391741621e-03 -2.130902150212992882e-02 -4.482281961595422498e-03 -3.415510727820539588e-03 -1.370297412828018133e-02 -1.754295498050379223e-02 -2.130902150212992882e-02 -3.415510727820539588e-03 5.640902782853248528e-04 -6.940924744572588706e-03 -7.226455173391741621e-03 -2.130902150212992882e-02 7.715679744791092975e-04 -5.885338395290411889e-03 7.715679744791092975e-04 -5.074237574346870082e-03 9.383592623737717353e-03 -8.474449359563002854e-03 -6.222186062551591720e-03 -1.370297412828018133e-02 -1.810095164182285235e-02 -4.482281961595422498e-03 -1.370297412828018133e-02 -8.474449359563002854e-03 -3.965107781652465677e-03 -3.415510727820539588e-03 -6.321357579748066065e-03 -8.474449359563002854e-03 -1.370297412828018133e-02 -6.940924744572588706e-03 1.127865040562734626e-03 1.127865040562734626e-03 -5.074237574346870082e-03 -7.119577160431342887e-03 -4.482281961595422498e-03 5.640902782853248528e-04 -3.415510727820539588e-03 -1.370297412828018133e-02 9.383592623737717353e-03 -7.119577160431342887e-03 -6.321357579748066065e-03 -8.474449359563002854e-03 -3.415510727820539588e-03 -1.810095164182285235e-02 -5.885338395290411889e-03 -5.074237574346870082e-03 -8.474449359563002854e-03 1.127865040562734626e-03 -5.074237574346870082e-03 -1.754295498050379223e-02 -3.965107781652465677e-03 -1.704962070306596800e-02 -7.226455173391741621e-03 -5.885338395290411889e-03 -2.130902150212992882e-02 -3.415510727820539588e-03 -6.940924744572588706e-03 -5.074237574346870082e-03 -7.226455173391741621e-03 -5.074237574346870082e-03 -5.074237574346870082e-03 9.383592623737717353e-03 -5.074237574346870082e-03 5.640902782853248528e-04 -2.130902150212992882e-02 -6.222186062551591720e-03 9.383592623737717353e-03 -1.704962070306596800e-02 -3.965107781652465677e-03 -5.074237574346870082e-03 -8.474449359563002854e-03 -6.321357579748066065e-03 -1.810095164182285235e-02 5.640902782853248528e-04 -6.222186062551591720e-03 5.640902782853248528e-04 -6.940924744572588706e-03 -8.474449359563002854e-03 -6.940924744572588706e-03 -1.370297412828018133e-02 5.640902782853248528e-04 -7.119577160431342887e-03 -8.474449359563002854e-03 1.127865040562734626e-03 -7.119577160431342887e-03 -2.130902150212992882e-02 -6.222186062551591720e-03 -3.415510727820539588e-03 -6.321357579748066065e-03 -8.474449359563002854e-03 -3.965107781652465677e-03 -5.074237574346870082e-03 -6.940924744572588706e-03 -8.474449359563002854e-03 9.383592623737717353e-03 1.127865040562734626e-03 -1.370297412828018133e-02 -1.370297412828018133e-02 9.383592623737717353e-03 -7.226455173391741621e-03 -8.474449359563002854e-03 5.640902782853248528e-04 -6.940924744572588706e-03 -1.810095164182285235e-02 -5.074237574346870082e-03 9.383592623737717353e-03 -3.415510727820539588e-03 7.715679744791092975e-04 -6.321357579748066065e-03 -7.119577160431342887e-03 5.640902782853248528e-04 -7.119577160431342887e-03 -3.415510727820539588e-03 -1.370297412828018133e-02 -6.222186062551591720e-03 -3.965107781652465677e-03 -3.415510727820539588e-03 -6.222186062551591720e-03 -3.415510727820539588e-03 -1.754295498050379223e-02 -3.965107781652465677e-03 7.715679744791092975e-04 -6.940924744572588706e-03 -7.226455173391741621e-03
-7.342848632724295610e-03 7.556300676654277050e-03 -2.310852537613243812e-03 -3.164132415654626008e-04 -4.627215845046548856e-04 -4.455132047271364443e-03 3.977595734938543619e-03 -1.192554330509898453e-02 2.377276210878399160e-03 2.371251094216611944e-03 -6.990653368686427958e-06 -3.270965552467958344e-03 -4.455132047271364443e-03 -7.976227092427018092e-03 -2.310852537613243812e-03 -1.755664339011580406e-03 2.371251094216611944e-03 -4.455132047271364443e-03 -3.164132415654626008e-04 3.249976728352260355e-03 2.880070604688495222e-03 -1.192554330509898453e-02 -1.755664339011580406e-03 -4.627215845046548856e-04 -4.627215845046548856e-04 2.377276210878399160e-03 2.371251094216611944e-03 -1.755664339011580406e-03 -2.310852537613243812e-03 -9.552030777249660015e-03 -4.455132047271364443e-03 7.556300676654277050e-03 -5.219815525574334099e-03 -2.310852537613243812e-03 -7.976227092427018092e-03 3.977595734938543619e-03 -3.270965552467958344e-03 -7.342848632724295610e-03 -2.310852537613243812e-03 -2.310852537613243812e-03 -2.310852537613243812e-03 -3.164132415654626008e-04 -9.552030777249660015e-03 3.977595734938543619e-03 2.880070604688495222e-03 -6.990653368686427958e-06 -6.990653368686427958e-06 -4.129143932440679406e-03 2.371251094216611944e-03 2.371251094216611944e-03 2.371251094216611944e-03 -6.990653368686427958e-06 2.880070604688495222e-03 -1.192554330509898453e-02 -4.129143932440679406e-03 2.377276210878399160e-03 -3.164132415654626008e-04 -7.342848632724295610e-03 3.977595734938543619e-03 -4.455132047271364443e-03 -1.192554330509898453e-02 -7.976227092427018092e-03 -2.310852537613243812e-03 3.249976728352260355e-03 2.880070604688495222e-03 7.556300676654277050e-03 2.377276210878399160e-03 -2.310852537613243812e-03 -7.342848632724295610e-03 -9.552030777249660015e-03 -7.342848632724295610e-03 -2.310852537613243812e-03 2.377276210878399160e-03 -4.129143932440679406e-03 -9.552030777249660015e-03 2.880070604688495222e-03 -3.270965552467958344e-03 -5.219815525574334099e-03 3.249976728352260355e-03 -6.990653368686427958e-06 -9.552030777249660015e-03 7.556300676654277050e-03 2.377276210878399160e-03 -2.310852537613243812e-03 -4.129143932440679406e-03 -4.627215845046548856e-04 -7.342848632724295610e-03 3.249976728352260355e-03 -5.219815525574334099e-03 2.880070604688495222e-03 -7.976227092427018092e-03 -4.627215845046548856e-04 -4.455132047271364443e-03 -6.990653368686427958e-06 2.377276210878399160e-03 -7.342848632724295610e-03 -7.976227092427018092e-03 3.249976728352260355e-03 3.977595734938543619e-03 -4.455132047271364443e-03 -3.164132415654626008e-04 3.249976728352260355e-03 2.377276210878399160e-03 2.371251094216611944e-03 2.371251094216611944e-03 -3.270965552467958344e-03 -3.270965552467958344e-03 -9.552030777249660015e-03 -1.192554330509898453e-02 3.977595734938543619e-03 -3.270965552467958344e-03 3.249976728352260355e-03 2.371251094216611944e-03 2.371251094216611944e-03 -7.342848632724295610e-03 -3.270965552467958344e-03 -2.310852537613243812e-03 2.371251094216611944e-03 3.977595734938543619e-03 -3.270965552467958344e-03 -4.455132047271364443e-03 3.249976728352260355e-03 -7.976227092427018092e-03 -4.627215845046548856e-04 -7.976227092427018092e-03 -3.164132415654626008e-04 -2.310852537613243812e-03 -5.219815525574334099e-03 -4.627215845046548856e-04 -2.310852537613243812e-03 3.249976728352260355e-03 2.371251094216611944e-03 -3.164132415654626008e-04 3.249976728352260355e-03 -7.976227092427018092e-03 -6.990653368686427958e-06 -5.219815525574334099e-03 -4.455132047271364443e-03 3.249976728352260355e-03 2.880070604688495222e-03 7.556300676654277050e-03 -3.164132415654626008e-04 -4.627215845046548856e-04 -9.552030777249660015e-03 3.249976728352260355e-03 3.249976728352260355e-03 3.249976728352260355e-03 3.249976728352260355e-03 -5.219815525574334099e-03 2.880070604688495222e-03 -3.270965552467958344e-03 -3.164132415654626008e-04 3.977595734938543619e-03 5.785196783665182271e-04 -2.310852537613243812e-03 -3.164132415654626008e-04 5.785196783665182271e-04 2.377276210878399160e-03 5.785196783665182271e-04 3.977595734938543619e-03 -9.552030777249660015e-03 -4.455132047271364443e-03 -4.627215845046548856e-04 -2.310852537613243812e-03 -9.552030777249660015e-03 7.556300676654277050e-03 -4.129143932440679406e-03 -3.164132415654626008e-04 -5.219815525574334099e-03 -3.270965552467958344e-03 3.977595734938543619e-03 -9.552030777249660015e-03 7.556300676654277050e-03 -1.192554330509898453e-02 3.977595734938543619e-03 -2.310852537613243812e-03 -4.455132047271364443e-03 -7.342848632724295610e-03 2.371251094216611944e-03 3.249976728352260355e-03 -3.270965552467958344e-03 -1.192554330509898453e-02 -7.342848632724295610e-03 3.249976728352260355e-03 2.377276210878399160e-03 5.785196783665182271e-04 -4.455132047271364443e-03 -7.342848632724295610e-03 7.556300676654277050e-03 -6.990653368686427958e-06 7.556300676654277050e-03 -2.310852537613243812e-03 2.880070604688495222e-03 -1.755664339011580406e-03 -4.129143932440679406e-03 -3.270965552467958344e-03 -7.976227092427018092e-03 2.371251094216611944e-03 -3.270965552467958344e-03 -1.755664339011580406e-03 -3.164132415654626008e-04 3.249976728352260355e-03 -4.627215845046548856e-04 -1.755664339011580406e-03 -3.270965552467958344e-03 5.785196783665182271e-04 -5.219815525574334099e-03 -5.219815525574334099e-03 -2.310852537613243812e-03 3.977595734938543619e-03 2.371251094216611944e-03 2.377276210878399160e-03 3.249976728352260355e-03 -3.270965552467958344e-03 2.880070604688495222e-03 3.977595734938543619e-03 -4.627215845046548856e-04 -1.755664339011580406e-03 3.249976728352260355e-03 -7.976227092427018092e-03 -6.990653368686427958e-06 -2.310852537613243812e-03 -1.755664339011580406e-03 -5.219815525574334099e-03 -2.310852537613243812e-03 -1.192554330509898453e-02 -3.164132415654626008e-04 -9.552030777249660015e-03 -4.455132047271364443e-03 -6.990653368686427958e-06 -7.342848632724295610e-03 3.249976728352260355e-03 5.785196783665182271e-04 -2.310852537613243812e-03 -4.455132047271364443e-03 -2.310852537613243812e-03 -2.310852537613243812e-03 2.880070604688495222e-03 -2.310852537613243812e-03 2.377276210878399160e-03 -7.342848632724295610e-03 -4.129143932440679406e-03 2.880070604688495222e-03 -9.552030777249660015e-03 -3.164132415654626008e-04 -2.310852537613243812e-03 -1.755664339011580406e-03 -4.627215845046548856e-04 -7.976227092427018092e-03 2.377276210878399160e-03 -4.129143932440679406e-03 2.377276210878399160e-03 5.785196783665182271e-04 -1.755664339011580406e-03 5.785196783665182271e-04 -3.270965552467958344e-03 2.377276210878399160e-03 3.977595734938543619e-03 -1.755664339011580406e-03 -5.219815525574334099e-03 3.977595734938543619e-03 -7.342848632724295610e-03 -4.129143932440679406e-03 3.249976728352260355e-03 -4.627215845046548856e-04 -1.755664339011580406e-03 -3.164132415654626008e-04 -2.310852537613243812e-03 5.785196783665182271e-04 -1.755664339011580406e-03 2.880070604688495222e-03 -5.219815525574334099e-03 -3.270965552467958344e-03 -3.270965552467958344e-03 2.880070604688495222e-03 -4.455132047271364443e-03 -1.755664339011580406e-03 2.377276210878399160e-03 5.785196783665182271e-04 -7.976227092427018092e-03 -2.310852537613243812e-03 2.880070604688495222e-03 3.249976728352260355e-03 7.556300676654277050e-03 -4.627215845046548856e-04 3.977595734938543619e-03 2.377276210878399160e-03 3.977595734938543619e-03 3.249976728352260355e-03 -3.270965552467958344e-03 -4.129143932440679406e-03 -3.164132415654626008e-04 3.249976728352260355e-03 -4.129143932440679406e-03 3.249976728352260355e-03 -1.192554330509898453e-02 -3.164132415654626008e-04 7.556300676654277050e-03 5.785196783665182271e-04 -4.455132047271364443e-03
-7.342848632724295610e-03 7.556300676654277050e-03 -2.310852537613243812e-03 -3.164132415654626008e-04 -4.627215845046548856e-04 -4.455132047271364443e-03 3.977595734938543619e-03 -1.192554330509898453e-02 2.377276210878399160e-03 2.371251094216611944e-03 -6.990653368686427958e-06 -3.270965552467958344e-03 -4.455132047271364443e-03 -7.976227092427018092e-03 -2.310852537613243812e-03 -1.755664339011580406e-03 2.371251094216611944e-03 -4.455132047271364443e-03 -3.164132415654626008e-04 3.249976728352260355e-03 2.880070604688495222e-03 -1.192554330509898453e-02 -1.755664339011580406e-03 -4.627215845046548856e-04 -4.627215845046548856e-04 2.377276210878399160e-03 2.371251094216611944e-03 -1.755664339011580406e-03 -2.310852537613243812e-03 -9.552030777249660015e-03 -4.455132047271364443e-03 7.556300676654277050e-03 -5.219815525574334099e-03 -2.310852537613243812e-03 -7.976227092427018092e-03 3.977595734938543619e-03 -3.270965552467958344e-03 -7.342848632724295610e-03 -2.310852537613243812e-03 -2.310852537613243812e-03 -2.310852537613243812e-03 -3.164132415654626008e-04 -9.552030777249660015e-03 3.977595734938543619e-03 2.880070604688495222e-03 -6.990653368686427958e-06 -6.990653368686427958e-06 -4.129143932440679406e-03 2.371251094216611944e-03 2.371251094216611944e-03 2.371251094216611944e-03 -6.990653368686427958e-06 2.880070604688495222e-03 -1.192554330509898453e-02 -4.129143932440679406e-03 2.377276210878399160e-03 -3.164132415654626008e-04 -7.342848632724295610e-03 3.977595734938543619e-03 -4.455132047271364443e-03 -1.192554330509898453e-02 -7.976227092427018092e-03 -2.310852537613243812e-03 3.249976728352260355e-03 2.880070604688495222e-03 7.556300676654277050e-03 2.377276210878399160e-03 -2.310852537613243812e-03 -7.342848632724295610e-03 -9.552030777249660015e-03 -7.342848632724295610e-03 -2.310852537613243812e-03 2.377276210878399160e-03 -4.129143932440679406e-03 -9.552030777249660015e-03 2.880070604688495222e-03 -3.270965552467958344e-03 -5.219815525574334099e-03 3.249976728352260355e-03 -6.990653368686427958e-06 -9.552030777249660015e-03 7.556300676654277050e-03 2.377276210878399160e-03 -2.310852537613243812e-03 -4.129143932440679406e-03 -4.627215845046548856e-04 -7.342848632724295610e-03 3.249976728352260355e-03 -5.219815525574334099e-03 2.880070604688495222e-03 -7.976227092427018092e-03 -4.627215845046548856e-04 -4.455132047271364443e-03 -6.990653368686427958e-06 2.377276210878399160e-03 -7.342848632724295610e-03 -7.976227092427018092e-03 3.249976728352260355e-03 3.977595734938543619e-03 -4.455132047271364443e-03 -3.164132415654626008e-04 3.249976728352260355e-03 2.377276210878399160e-03 2.371251094216611944e-03 2.371251094216611944e-03 -3.270965552467958344e-03 -3.270965552467958344e-03 -9.552030777249660015e-03 -1.192554330509898453e-02 3.977595734938543619e-03 -3.270965552467958344e-03 3.249976728352260355e-03 2.371251094216611944e-03 2.371251094216611944e-03 -7.342848632724295610e-03 -3.270965552467958344e-03 -2.310852537613243812e-03 2.371251094216611944e-03 3.977595734938543619e-03 -3.270965552467958344e-03 -4.455132047271364443e-03 3.249976728352260355e-03 -7.976227092427018092e-03 -4.627215845046548856e-04 -7.976227092427018092e-03 -3.164132415654626008e-04 -2.310852537613243812e-03 -5.219815525574334099e-03 -4.627215845046548856e-04 -2.310852537613243812e-03 3.249976728352260355e-03 2.371251094216611944e-03 -3.164132415654626008e-04 3.249976728352260355e-03 -7.976227092427018092e-03 -6.990653368686427958e-06 -5.219815525574334099e-03 -4.455132047271364443e-03 3.249976728352260355e-03 2.880070604688495222e-03 7.556300676654277050e-03 -3.164132415654626008e-04 -4.627215845046548856e-04 -9.552030777249660015e-03 3.249976728352260355e-03 3.249976728352260355e-03 3.249976728352260355e-03 3.249976728352260355e-03 -5.219815525574334099e-03 2.880070604688495222e-03 -3.270965552467958344e-03 -3.164132415654626008e-04 3.977595734938543619e-03 5.785196783665182271e-04 -2.310852537613243812e-03 -3.164132415654626008e-04 5.785196783665182271e-04 2.377276210878399160e-03 5.785196783665182271e-04 3.977595734938543619e-03 -9.552030777249660015e-03 -4.455132047271364443e-03 -4.627215845046548856e-04 -2.310852537613243812e-03 -9.552030777249660015e-03 7.556300676654277050e-03 -4.129143932440679406e-03 -3.164132415654626008e-04 -5.219815525574334099e-03 -3.270965552467958344e-03 3.977595734938543619e-03 -9.552030777249660015e-03 7.556300676654277050e-03 -1.192554330509898453e-02 3.977595734938543619e-03 -2.310852537613243812e-03 -4.455132047271364443e-03 -7.342848632724295610e-03 2.371251094216611944e-03 3.249976728352260355e-03 -3.270965552467958344e-03 -1.192554330509898453e-02 -7.342848632724295610e-03 3.249976728352260355e-03 2.377276210878399160e-03 5.785196783665182271e-04 -4.455132047271364443e-03 -7.342848632724295610e-03 7.556300676654277050e-03 -6.990653368686427958e-06 7.556300676654277050e-03 -2.310852537613243812e-03 2.880070604688495222e-03 -1.755664339011580406e-03 -4.129143932440679406e-03 -3.270965552467958344e-03 -7.976227092427018092e-03 2.371251094216611944e-03 -3.270965552467958344e-03 -1.755664339011580406e-03 -3.164132415654626008e-04 3.249976728352260355e-03 -4.627215845046548856e-04 -1.755664339011580406e-03 -3.270965552467958344e-03 5.785196783665182271e-04 -5.219815525574334099e-03 -5.219815525574334099e-03 -2.310852537613243812e-03 3.977595734938543619e-03 2.371251094216611944e-03 2.377276210878399160e-03 3.249976728352260355e-03 -3.270965552467958344e-03 2.880070604688495222e-03 3.977595734938543619e-03 -4.627215845046548856e-04 -1.755664339011580406e-03 3.249976728352260355e-03 -7.976227092427018092e-03 -6.990653368686427958e-06 -2.310852537613243812e-03 -1.755664339011580406e-03 -5.219815525574334099e-03 -2.310852537613243812e-03 -1.192554330509898453e-02 -3.164132415654626008e-04 -9.552030777249660015e-03 -4.455132047271364443e-03 -6.990653368686427958e-06 -7.342848632724295610e-03 3.249976728352260355e-03 5.785196783665182271e-04 -2.310852537613243812e-03 -4.455132047271364443e-03 -2.310852537613243812e-03 -2.310852537613243812e-03 2.880070604688495222e-03 -2.310852537613243812e-03 2.377276210878399160e-03 -7.342848632724295610e-03 -4.129143932440679406e-03 2.880070604688495222e-03 -9.552030777249660015e-03 -3.164132415654626008e-04 -2.310852537613243812e-03 -1.755664339011580406e-03 -4.627215845046548856e-04 -7.976227092427018092e-03 2.377276210878399160e-03 -4.129143932440679406e-03 2.377276210878399160e-03 5.785196783665182271e-04 -1.755664339011580406e-03 5.785196783665182271e-04 -3.270965552467958344e-03 2.377276210878399160e-03 3.977595734938543619e-03 -1.755664339011580406e-03 -5.219815525574334099e-03 3.977595734938543619e-03 -7.342848632724295610e-03 -4.129143932440679406e-03 3.249976728352260355e-03 -4.627215845046548856e-04 -1.755664339011580406e-03 -3.164132415654626008e-04 -2.310852537613243812e-03 5.785196783665182271e-04 -1.755664339011580406e-03 2.880070604688495222e-03 -5.219815525574334099e-03 -3.270965552467958344e-03 -3.270965552467958344e-03 2.880070604688495222e-03 -4.455132047271364443e-03 -1.755664339011580406e-03 2.377276210878399160e-03 5.785196783665182271e-04 -7.976227092427018092e-03 -2.310852537613243812e-03 2.880070604688495222e-03 3.249976728352260355e-03 7.556300676654277050e-03 -4.627215845046548856e-04 3.977595734938543619e-03 2.377276210878399160e-03 3.977595734938543619e-03 3.249976728352260355e-03 -3.270965552467958344e-03 -4.129143932440679406e-03 -3.164132415654626008e-04 3.249976728352260355e-03 -4.129143932440679406e-03 3.249976728352260355e-03 -1.192554330509898453e-02 -3.164132415654626008e-04 7.556300676654277050e-03 5.785196783665182271e-04 -4.455132047271364443e-03
-7.342848632724295610e-03 7.556300676654277050e-03 -2.310852537613243812e-03 -3.164132415654626008e-04 -4.627215845046548856e-04 -4.455132047271364443e-03 3.977595734938543619e-03 -1.192554330509898453e-02 2.377276210878399160e-03 2.371251094216611944e-03 -6.990653368686427958e-06 -3.270965552467958344e-03 -4.455132047271364443e-03 -7.976227092427018092e-03 -2.310852537613243812e-03 -1.755664339011580406e-03 2.371251094216611944e-03 -4.455132047271364443e-03 -3.164132415654626008e-04 3.249976728352260355e-03 2.880070604688495222e-03 -1.192554330509898453e-02 -1.755664339011580406e-03 -4.627215845046548856e-04 -4.627215845046548856e-04 2.377276210878399160e-03 2.371251094216611944e-03 -1.755664339011580406e-03 -2.310852537613243812e-03 -9.552030777249660015e-03 -4.455132047271364443e-03 7.556300676654277050e-03 -5.219815525574334099e-03 -2.310852537613243812e-03 -7.976227092427018092e-03 3.977595734938543619e-03 -3.270965552467958344e-03 -7.342848632724295610e-03 -2.310852537613243812e-03 -2.310852537613243812e-03 -2.310852537613243812e-03 -3.164132415654626008e-04 -9.552030777249660015e-03 3.977595734938543619e-03 2.880070604688495222e-03 -6.990653368686427958e-06 -6.990653368686427958e-06 -4.129143932440679406e-03 2.371251094216611944e-03 2.371251094216611944e-03 2.371251094216611944e-03 -6.990653368686427958e-06 2.880070604688495222e-03 -1.192554330509898453e-02 -4.129143932440679406e-03 2.377276210878399160e-03 -3.164132415654626008e-04 -7.342848632724295610e-03 3.977595734938543619e-03 -4.455132047271364443e-03 -1.192554330509898453e-02 -7.976227092427018092e-03 -2.310852537613243812e-03 3.249976728352260355e-03 2.880070604688495222e-03 7.556300676654277050e-03 2.377276210878399160e-03 -2.310852537613243812e-03 -7.342848632724295610e-03 -9.552030777249660015e-03 -7.342848632724295610e-03 -2.310852537613243812e-03 2.377276210878399160e-03 -4.129143932440679406e-03 -9.552030777249660015e-03 2.880070604688495222e-03 -3.270965552467958344e-03 -5.219815525574334099e-03 3.249976728352260355e-03 -6.990653368686427958e-06 -9.552030777249660015e-03 7.556300676654277050e-03 2.377276210878399160e-03 -2.310852537613243812e-03 -4.129143932440679406e-03 -4.627215845046548856e-04 -7.342848632724295610e-03 3.249976728352260355e-03 -5.219815525574334099e-03 2.880070604688495222e-03 -7.976227092427018092e-03 -4.627215845046548856e-04 -4.455132047271364443e-03 -6.990653368686427958e-06 2.377276210878399160e-03 -7.342848632724295610e-03 -7.976227092427018092e-03 3.249976728352260355e-03 3.977595734938543619e-03 -4.455132047271364443e-03 -3.164132415654626008e-04 3.249976728352260355e-03 2.377276210878399160e-03 2.371251094216611944e-03 2.371251094216611944e-03 -3.270965552467958344e-03 -3.270965552467958344e-03 -9.552030777249660015e-03 -1.192554330509898453e-02 3.977595734938543619e-03 -3.270965552467958344e-03 3.249976728352260355e-03 2.371251094216611944e-03 2.371251094216611944e-03 -7.342848632724295610e-03 -3.270965552467958344e-03 -2.310852537613243812e-03 2.371251094216611944e-03 3.977595734938543619e-03 -3.270965552467958344e-03 -4.455132047271364443e-03 3.249976728352260355e-03 -7.976227092427018092e-03 -4.627215845046548856e-04 -7.976227092427018092e-03 -3.164132415654626008e-04 -2.310852537613243812e-03 -5.219815525574334099e-03 -4.627215845046548856e-04 -2.310852537613243812e-03 3.249976728352260355e-03 2.371251094216611944e-03 -3.164132415654626008e-04 3.249976728352260355e-03 -7.976227092427018092e-03 -6.990653368686427958e-06 -5.219815525574334099e-03 -4.455132047271364443e-03 3.249976728352260355e-03 2.880070604688495222e-03 7.556300676654277050e-03 -3.164132415654626008e-04 -4.627215845046548856e-04 -9.552030777249660015e-03 3.249976728352260355e-03 3.249976728352260355e-03 3.249976728352260355e-03 3.249976728352260355e-03 -5.219815525574334099e-03 2.880070604688495222e-03 -3.270965552467958344e-03 -3.164132415654626008e-04 3.977595734938543619e-03 5.785196783665182271e-04 -2.310852537613243812e-03 -3.164132415654626008e-04 5.785196783665182271e-04 2.377276210878399160e-03 5.785196783665182271e-04 3.977595734938543619e-03 -9.552030777249660015e-03 -4.455132047271364443e-03 -4.627215845046548856e-04 -2.310852537613243812e-03 -9.552030777249660015e-03 7.556300676654277050e-03 -4.129143932440679406e-03 -3.164132415654626008e-04 -5.219815525574334099e-03 -3.270965552467958344e-03 3.977595734938543619e-03 -9.552030777249660015e-03 7.556300676654277050e-03 -1.192554330509898453e-02 3.977595734938543619e-03 -2.310852537613243812e-03 -4.455132047271364443e-03 -7.342848632724295610e-03 2.371251094216611944e-03 3.249976728352260355e-03 -3.270965552467958344e-03 -1.192554330509898453e-02 -7.342848632724295610e-03 3.249976728352260355e-03 2.377276210878399160e-03 5.785196783665182271e-04 -4.455132047271364443e-03 -7.342848632724295610e-03 7.556300676654277050e-03 -6.990653368686427958e-06 7.556300676654277050e-03 -2.310852537613243812e-03 2.880070604688495222e-03 -1.755664339011580406e-03 -4.129143932440679406e-03 -3.270965552467958344e-03 -7.976227092427018092e-03 2.371251094216611944e-03 -3.270965552467958344e-03 -1.755664339011580406e-03 -3.164132415654626008e-04 3.249976728352260355e-03 -4.627215845046548856e-04 -1.755664339011580406e-03 -3.270965552467958344e-03 5.785196783665182271e-04 -5.219815525574334099e-03 -5.219815525574334099e-03 -2.310852537613243812e-03 3.977595734938543619e-03 2.371251094216611944e-03 2.377276210878399160e-03 3.249976728352260355e-03 -3.270965552467958344e-03 2.880070604688495222e-03 3.977595734938543619e-03 -4.627215845046548856e-04 -1.755664339011580406e-03 3.249976728352260355e-03 -7.976227092427018092e-03 -6.990653368686427958e-06 -2.310852537613243812e-03 -1.755664339011580406e-03 -5.219815525574334099e-03 -2.310852537613243812e-03 -1.192554330509898453e-02 -3.164132415654626008e-04 -9.552030777249660015e-03 -4.455132047271364443e-03 -6.990653368686427958e-06 -7.342848632724295610e-03 3.249976728352260355e-03 5.785196783665182271e-04 -2.310852537613243812e-03 -4.455132047271364443e-03 -2.310852537613243812e-03 -2.310852537613243812e-03 2.880070604688495222e-03 -2.310852537613243812e-03 2.377276210878399160e-03 -7.342848632724295610e-03 -4.129143932440679406e-03 2.880070604688495222e-03 -9.552030777249660015e-03 -3.164132415654626008e-04 -2.310852537613243812e-03 -1.755664339011580406e-03 -4.627215845046548856e-04 -7.976227092427018092e-03 2.377276210878399160e-03 -4.129143932440679406e-03 2.377276210878399160e-03 5.785196783665182271e-04 -1.755664339011580406e-03 5.785196783665182271e-04 -3.270965552467958344e-03 2.377276210878399160e-03 3.977595734938543619e-03 -1.755664339011580406e-03 -5.219815525574334099e-03 3.977595734938543619e-03 -7.342848632724295610e-03 -4.129143932440679406e-03 3.249976728352260355e-03 -4.627215845046548856e-04 -1.755664339011580406e-03 -3.164132415654626008e-04 -2.310852537613243812e-03 5.785196783665182271e-04 -1.755664339011580406e-03 2.880070604688495222e-03 -5.219815525574334099e-03 -3.270965552467958344e-03 -3.270965552467958344e-03 2.880070604688495222e-03 -4.455132047271364443e-03 -1.755664339011580406e-03 2.377276210878399160e-03 5.785196783665182271e-04 -7.976227092427018092e-03 -2.310852537613243812e-03 2.880070604688495222e-03 3.249976728352260355e-03 7.556300676654277050e-03 -4.627215845046548856e-04 3.977595734938543619e-03 2.377276210878399160e-03 3.977595734938543619e-03 3.249976728352260355e-03 -3.270965552467958344e-03 -4.129143932440679406e-03 -3.164132415654626008e-04 3.249976728352260355e-03 -4.129143932440679406e-03 3.249976728352260355e-03 -1.192554330509898453e-02 -3.164132415654626008e-04 7.556300676654277050e-03 5.785196783665182271e-04 -4.455132047271364443e-03
-7.342848632724295610e-03 7.556300676654277050e-03 -2.310852537613243812e-03 -3.164132415654626008e-04 -4.627215845046548856e-04 -4.455132047271364443e-03 3.977595734938543619e-03 -1.192554330509898453e-02 2.377276210878399160e-03 2.371251094216611944e-03 -6.990653368686427958e-06 -3.270965552467958344e-03 -4.455132047271364443e-03 -7.976227092427018092e-03 -2.310852537613243812e-03 -1.755664339011580406e-03 2.371251094216611944e-03 -4.455132047271364443e-03 -3.164132415654626008e-04 3.249976728352260355e-03 2.880070604688495222e-03 -1.192554330509898453e-02 -1.755664339011580406e-03 -4.627215845046548856e-04 -4.627215845046548856e-04 2.377276210878399160e-03 2.371251094216611944e-03 -1.755664339011580406e-03 -2.310852537613243812e-03 -9.552030777249660015e-03 -4.455132047271364443e-03 7.556300676654277050e-03 -5.219815525574334099e-03 -2.310852537613243812e-03 -7.976227092427018092e-03 3.977595734938543619e-03 -3.270965552467958344e-03 -7.342848632724295610e-03 -2.310852537613243812e-03 -2.310852537613243812e-03 -2.310852537613243812e-03 -3.164132415654626008e-04 -9.552030777249660015e-03 3.977595734938543619e-03 2.880070604688495222e-03 -6.990653368686427958e-06 -6.990653368686427958e-06 -4.129143932440679406e-03 2.371251094216611944e-03 2.371251094216611944e-03 2.371251094216611944e-03 -6.990653368686427958e-06 2.880070604688495222e-03 -1.192554330509898453e-02 -4.129143932440679406e-03 2.377276210878399160e-03 -3.164132415654626008e-04 -7.342848632724295610e-03 3.977595734938543619e-03 -4.455132047271364443e-03 -1.192554330509898453e-02 -7.976227092427018092e-03 -2.310852537613243812e-03 3.249976728352260355e-03 2.880070604688495222e-03 7.556300676654277050e-03 2.377276210878399160e-03 -2.310852537613243812e-03 -7.342848632724295610e-03 -9.552030777249660015e-03 -7.342848632724295610e-03 -2.310852537613243812e-03 2.377276210878399160e-03 -4.129143932440679406e-03 -9.552030777249660015e-03 2.880070604688495222e-03 -3.270965552467958344e-03 -5.219815525574334099e-03 3.249976728352260355e-03 -6.990653368686427958e-06 -9.552030777249660015e-03 7.556300676654277050e-03 2.377276210878399160e-03 -2.310852537613243812e-03 -4.129143932440679406e-03 -4.627215845046548856e-04 -7.342848632724295610e-03 3.249976728352260355e-03 -5.219815525574334099e-03 2.880070604688495222e-03 -7.976227092427018092e-03 -4.627215845046548856e-04 -4.455132047271364443e-03 -6.990653368686427958e-06 2.377276210878399160e-03 -7.342848632724295610e-03 -7.976227092427018092e-03 3.249976728352260355e-03 3.977595734938543619e-03 -4.455132047271364443e-03 -3.164132415654626008e-04 3.249976728352260355e-03 2.377276210878399160e-03 2.371251094216611944e-03 2.371251094216611944e-03 -3.270965552467958344e-03 -3.270965552467958344e-03 -9.552030777249660015e-03 -1.192554330509898453e-02 3.977595734938543619e-03 -3.270965552467958344e-03 3.249976728352260355e-03 2.371251094216611944e-03 2.371251094216611944e-03 -7.342848632724295610e-03 -3.270965552467958344e-03 -2.310852537613243812e-03 2.371251094216611944e-03 3.977595734938543619e-03 -3.270965552467958344e-03 -4.455132047271364443e-03 3.249976728352260355e-03 -7.976227092427018092e-03 -4.627215845046548856e-04 -7.976227092427018092e-03 -3.164132415654626008e-04 -2.310852537613243812e-03 -5.219815525574334099e-03 -4.627215845046548856e-04 -2.310852537613243812e-03 3.249976728352260355e-03 2.371251094216611944e-03 -3.164132415654626008e-04 3.249976728352260355e-03 -7.976227092427018092e-03 -6.990653368686427958e-06 -5.219815525574334099e-03 -4.455132047271364443e-03 3.249976728352260355e-03 2.880070604688495222e-03 7.556300676654277050e-03 -3.164132415654626008e-04 -4.627215845046548856e-04 -9.552030777249660015e-03 3.249976728352260355e-03 3.249976728352260355e-03 3.249976728352260355e-03 3.249976728352260355e-03 -5.219815525574334099e-03 2.880070604688495222e-03 -3.270965552467958344e-03 -3.164132415654626008e-04 3.977595734938543619e-03 5.785196783665182271e-04 -2.310852537613243812e-03 -3.164132415654626008e-04 5.785196783665182271e-04 2.377276210878399160e-03 5.785196783665182271e-04 3.977595734938543619e-03 -9.552030777249660015e-03 -4.455132047271364443e-03 -4.627215845046548856e-04 -2.310852537613243812e-03 -9.552030777249660015e-03 7.556300676654277050e-03 -4.129143932440679406e-03 -3.164132415654626008e-04 -5.219815525574334099e-03 -3.270965552467958344e-03 3.977595734938543619e-03 -9.552030777249660015e-03 7.556300676654277050e-03 -1.192554330509898453e-02 3.977595734938543619e-03 -2.310852537613243812e-03 -4.455132047271364443e-03 -7.342848632724295610e-03 2.371251094216611944e-03 3.249976728352260355e-03 -3.270965552467958344e-03 -1.192554330509898453e-02 -7.342848632724295610e-03 3.249976728352260355e-03 2.377276210878399160e-03 5.785196783665182271e-04 -4.455132047271364443e-03 -7.342848632724295610e-03 7.556300676654277050e-03 -6.990653368686427958e-06 7.556300676654277050e-03 -2.310852537613243812e-03 2.880070604688495222e-03 -1.755664339011580406e-03 -4.129143932440679406e-03 -3.270965552467958344e-03 -7.976227092427018092e-03 2.371251094216611944e-03 -3.270965552467958344e-03 -1.755664339011580406e-03 -3.164132415654626008e-04 3.249976728352260355e-03 -4.627215845046548856e-04 -1.755664339011580406e-03 -3.270965552467958344e-03 5.785196783665182271e-04 -5.219815525574334099e-03 -5.219815525574334099e-03 -2.310852537613243812e-03 3.977595734938543619e-03 2.371251094216611944e-03 2.377276210878399160e-03 3.249976728352260355e-03 -3.270965552467958344e-03 2.880070604688495222e-03 3.977595734938543619e-03 -4.627215845046548856e-04 -1.755664339011580406e-03 3.249976728352260355e-03 -7.976227092427018092e-03 -6.990653368686427958e-06 -2.310852537613243812e-03 -1.755664339011580406e-03 -5.219815525574334099e-03 -2.310852537613243812e-03 -1.192554330509898453e-02 -3.164132415654626008e-04 -9.552030777249660015e-03 -4.455132047271364443e-03 -6.990653368686427958e-06 -7.342848632724295610e-03 3.249976728352260355e-03 5.785196783665182271e-04 -2.310852537613243812e-03 -4.455132047271364443e-03 -2.310852537613243812e-03 -2.310852537613243812e-03 2.880070604688495222e-03 -2.310852537613243812e-03 2.377276210878399160e-03 -7.342848632724295610e-03 -4.129143932440679406e-03 2.880070604688495222e-03 -9.552030777249660015e-03 -3.164132415654626008e-04 -2.310852537613243812e-03 -1.755664339011580406e-03 -4.627215845046548856e-04 -7.976227092427018092e-03 2.377276210878399160e-03 -4.129143932440679406e-03 2.377276210878399160e-03 5.785196783665182271e-04 -1.755664339011580406e-03 5.785196783665182271e-04 -3.270965552467958344e-03 2.377276210878399160e-03 3.977595734938543619e-03 -1.755664339011580406e-03 -5.219815525574334099e-03 3.977595734938543619e-03 -7.342848632724295610e-03 -4.129143932440679406e-03 3.249976728352260355e-03 -4.627215845046548856e-04 -1.755664339011580406e-03 -3.164132415654626008e-04 -2.310852537613243812e-03 5.785196783665182271e-04 -1.755664339011580406e-03 2.880070604688495222e-03 -5.219815525574334099e-03 -3.270965552467958344e-03 -3.270965552467958344e-03 2.880070604688495222e-03 -4.455132047271364443e-03 -1.755664339011580406e-03 2.377276210878399160e-03 5.785196783665182271e-04 -7.976227092427018092e-03 -2.310852537613243812e-03 2.880070604688495222e-03 3.249976728352260355e-03 7.556300676654277050e-03 -4.627215845046548856e-04 3.977595734938543619e-03 2.377276210878399160e-03 3.977595734938543619e-03 3.249976728352260355e-03 -3.270965552467958344e-03 -4.129143932440679406e-03 -3.164132415654626008e-04 3.249976728352260355e-03 -4.129143932440679406e-03 3.249976728352260355e-03 -1.192554330509898453e-02 -3.164132415654626008e-04 7.556300676654277050e-03 5.785196783665182271e-04 -4.455132047271364443e-03
2.925806050756492305e-03 -2.610807135221263585e-03 -7.271004411202621615e-03 -1.428173540851896501e-03 -2.751836273923829925e-03 -9.554930408765494000e-04 4.865026091475625411e-03 -1.849476072278756836e-03 -3.364598872723049972e-03 -3.446648041587350390e-03 6.102302656811747772e-03 5.195119737892204582e-03 -9.554930408765494000e-04 1.181712240586512905e-02 -7.271004411202621615e-03 9.458577514382915732e-03 -3.446648041587350390e-03 -9.554930408765494000e-04 -1.428173540851896501e-03 -3.855546091558834793e-03 -6.901296766732611769e-03 -1.849476072278756836e-03 9.458577514382915732e-03 -2.751836273923829925e-03 -2.751836273923829925e-03 -3.364598872723049972e-03 -3.446648041587350390e-03 9.458577514382915732e-03 -7.271004411202621615e-03 9.194409127408010099e-03 -9.554930408765494000e-04 -2.610807135221263585e-03 -7.908460521538422661e-03 -7.271004411202621615e-03 1.181712240586512905e-02 4.865026091475625411e-03 5.195119737892204582e-03 2.925806050756492305e-03 -7.271004411202621615e-03 -7.271004411202621615e-03 -7.271004411202621615e-03 -1.428173540851896501e-03 9.194409127408010099e-03 4.865026091475625411e-03 -6.901296766732611769e-03 6.102302656811747772e-03 6.102302656811747772e-03 -7.643753222483801874e-04 -3.446648041587350390e-03 -3.446648041587350390e-03 -3.446648041587350390e-03 6.102302656811747772e-03 -6.901296766732611769e-03 -1.849476072278756836e-03 -7.643753222483801874e-04 -3.364598872723049972e-03 -1.428173540851896501e-03 2.925806050756492305e-03 4.865026091475625411e-03 -9.554930408765494000e-04 -1.849476072278756836e-03 1.181712240586512905e-02 -7.271004411202621615e-03 -3.855546091558834793e-03 -6.901296766732611769e-03 -2.610807135221263585e-03 -3.364598872723049972e-03 -7.271004411202621615e-03 2.925806050756492305e-03 9.194409127408010099e-03 2.925806050756492305e-03 -7.271004411202621615e-03 -3.364598872723049972e-03 -7.643753222483801874e-04 9.194409127408010099e-03 -6.901296766732611769e-03 5.195119737892204582e-03 -7.908460521538422661e-03 -3.855546091558834793e-03 6.102302656811747772e-03 9.194409127408010099e-03 -2.610807135221263585e-03 -3.364598872723049972e-03 -7.271004411202621615e-03 -7.643753222483801874e-04 -2.751836273923829925e-03 2.925806050756492305e-03 -3.855546091558834793e-03 -7.908460521538422661e-03 -6.901296766732611769e-03 1.181712240586512905e-02 -2.751836273923829925e-03 -9.554930408765494000e-04 6.102302656811747772e-03 -3.364598872723049972e-03 2.925806050756492305e-03 1.181712240586512905e-02 -3.855546091558834793e-03 4.865026091475625411e-03 -9.554930408765494000e-04 -1.428173540851896501e-03 -3.855546091558834793e-03 -3.364598872723049972e-03 -3.446648041587350390e-03 -3.446648041587350390e-03 5.195119737892204582e-03 5.195119737892204582e-03 9.194409127408010099e-03 -1.849476072278756836e-03 4.865026091475625411e-03 5.195119737892204582e-03 -3.855546091558834793e-03 -3.446648041587350390e-03 -3.446648041587350390e-03 2.925806050756492305e-03 5.195119737892204582e-03 -7.271004411202621615e-03 -3.446648041587350390e-03 4.865026091475625411e-03 5.195119737892204582e-03 -9.554930408765494000e-04 -3.855546091558834793e-03 1.181712240586512905e-02 -2.751836273923829925e-03 1.181712240586512905e-02 -1.428173540851896501e-03 -7.271004411202621615e-03 -7.908460521538422661e-03 -2.751836273923829925e-03 -7.271004411202621615e-03 -3.855546091558834793e-03 -3.446648041587350390e-03 -1.428173540851896501e-03 -3.855546091558834793e-03 1.181712240586512905e-02 6.102302656811747772e-03 -7.908460521538422661e-03 -9.554930408765494000e-04 -3.855546091558834793e-03 -6.901296766732611769e-03 -2.610807135221263585e-03 -1.428173540851896501e-03 -2.751836273923829925e-03 9.194409127408010099e-03 -3.855546091558834793e-03 -3.855546091558834793e-03 -3.855546091558834793e-03 -3.855546091558834793e-03 -7.908460521538422661e-03 -6.901296766732611769e-03 5.195119737892204582e-03 -1.428173540851896501e-03 4.865026091475625411e-03 1.629663992661300759e-03 -7.271004411202621615e-03 -1.428173540851896501e-03 1.629663992661300759e-03 -3.364598872723049972e-03 1.629663992661300759e-03 4.865026091475625411e-03 9.194409127408010099e-03 -9.554930408765494000e-04 -2.751836273923829925e-03 -7.271004411202621615e-03 9.194409127408010099e-03 -2.610807135221263585e-03 -7.643753222483801874e-04 -1.428173540851896501e-03 -7.908460521538422661e-03 5.195119737892204582e-03 4.865026091475625411e-03 9.194409127408010099e-03 -2.610807135221263585e-03 -1.849476072278756836e-03 4.865026091475625411e-03 -7.271004411202621615e-03 -9.554930408765494000e-04 2.925806050756492305e-03 -3.446648041587350390e-03 -3.855546091558834793e-03 5.195119737892204582e-03 -1.849476072278756836e-03 2.925806050756492305e-03 -3.855546091558834793e-03 -3.364598872723049972e-03 1.629663992661300759e-03 -9.554930408765494000e-04 2.925806050756492305e-03 -2.610807135221263585e-03 6.102302656811747772e-03 -2.610807135221263585e-03 -7.271004411202621615e-03 -6.901296766732611769e-03 9.458577514382915732e-03 -7.643753222483801874e-04 5.195119737892204582e-03 1.181712240586512905e-02 -3.446648041587350390e-03 5.195119737892204582e-03 9.458577514382915732e-03 -1.428173540851896501e-03 -3.855546091558834793e-03 -2.751836273923829925e-03 9.458577514382915732e-03 5.195119737892204582e-03 1.629663992661300759e-03 -7.908460521538422661e-03 -7.908460521538422661e-03 -7.271004411202621615e-03 4.865026091475625411e-03 -3.446648041587350390e-03 -3.364598872723049972e-03 -3.855546091558834793e-03 5.195119737892204582e-03 -6.901296766732611769e-03 4.865026091475625411e-03 -2.751836273923829925e-03 9.458577514382915732e-03 -3.855546091558834793e-03 1.181712240586512905e-02 6.102302656811747772e-03 -7.271004411202621615e-03 9.458577514382915732e-03 -7.908460521538422661e-03 -7.271004411202621615e-03 -1.849476072278756836e-03 -1.428173540851896501e-03 9.194409127408010099e-03 -9.554930408765494000e-04 6.102302656811747772e-03 2.925806050756492305e-03 -3.855546091558834793e-03 1.629663992661300759e-03 -7.271004411202621615e-03 -9.554930408765494000e-04 -7.271004411202621615e-03 -7.271004411202621615e-03 -6.901296766732611769e-03 -7.271004411202621615e-03 -3.364598872723049972e-03 2.925806050756492305e-03 -7.643753222483801874e-04 -6.901296766732611769e-03 9.194409127408010099e-03 -1.428173540851896501e-03 -7.271004411202621615e-03 9.458577514382915732e-03 -2.751836273923829925e-03 1.181712240586512905e-02 -3.364598872723049972e-03 -7.643753222483801874e-04 -3.364598872723049972e-03 1.629663992661300759e-03 9.458577514382915732e-03 1.629663992661300759e-03 5.195119737892204582e-03 -3.364598872723049972e-03 4.865026091475625411e-03 9.458577514382915732e-03 -7.908460521538422661e-03 4.865026091475625411e-03 2.925806050756492305e-03 -7.643753222483801874e-04 -3.855546091558834793e-03 -2.751836273923829925e-03 9.458577514382915732e-03 -1.428173540851896501e-03 -7.271004411202621615e-03 1.629663992661300759e-03 9.458577514382915732e-03 -6.901296766732611769e-03 -7.908460521538422661e-03 5.195119737892204582e-03 5.195119737892204582e-03 -6.901296766732611769e-03 -9.554930408765494000e-04 9.458577514382915732e-03 -3.364598872723049972e-03 1.629663992661300759e-03 1.181712240586512905e-02 -7.271004411202621615e-03 -6.901296766732611769e-03 -3.855546091558834793e-03 -2.610807135221263585e-03 -2.751836273923829925e-03 4.865026091475625411e-03 -3.364598872723049972e-03 4.865026091475625411e-03 -3.855546091558834793e-03 5.195119737892204582e-03 -7.643753222483801874e-04 -1.428173540851896501e-03 -3.855546091558834793e-03 -7.643753222483801874e-04 -3.855546091558834793e-03 -1.849476072278756836e-03 -1.428173540851896501e-03 -2.610807135221263585e-03 1.629663992661300759e-03 -9.554930408765494000e-04
-9.020861233500833062e-03 1.646830572131532640e-03 -1.634789342373917098e-02 -4.039415925274524727e-03 -1.323733404404885128e-02 -7.596295906191144996e-03 8.741129335965860210e-04 -6.188573152469207563e-03 -8.955179317913883330e-03 -1.101692872069932883e-02 -1.513383579603889983e-04 -6.756529686438800600e-03 -7.596295906191144996e-03 -8.362635772513128327e-03 -1.634789342373917098e-02 -6.669815978869182704e-03 -1.101692872069932883e-02 -7.596295906191144996e-03 -4.039415925274524727e-03 -1.406872585842057315e-02 -5.972435119240055226e-03 -6.188573152469207563e-03 -6.669815978869182704e-03 -1.323733404404885128e-02 -1.323733404404885128e-02 -8.955179317913883330e-03 -1.101692872069932883e-02 -6.669815978869182704e-03 -1.634789342373917098e-02 -5.366124720145006889e-03 -7.596295906191144996e-03 1.646830572131532640e-03 -1.048217168466848009e-02 -1.634789342373917098e-02 -8.362635772513128327e-03 8.741129335965860210e-04 -6.756529686438800600e-03 -9.020861233500833062e-03 -1.634789342373917098e-02 -1.634789342373917098e-02 -1.634789342373917098e-02 -4.039415925274524727e-03 -5.366124720145006889e-03 8.741129335965860210e-04 -5.972435119240055226e-03 -1.513383579603889983e-04 -1.513383579603889983e-04 -4.263592482759133960e-03 -1.101692872069932883e-02 -1.101692872069932883e-02 -1.101692872069932883e-02 -1.513383579603889983e-04 -5.972435119240055226e-03 -6.188573152469207563e-03 -4.263592482759133960e-03 -8.955179317913883330e-03 -4.039415925274524727e-03 -9.020861233500833062e-03 8.741129335965860210e-04 -7.596295906191144996e-03 -6.188573152469207563e-03 -8.362635772513128327e-03 -1.634789342373917098e-02 -1.406872585842057315e-02 -5.972435119240055226e-03 1.646830572131532640e-03 -8.955179317913883330e-03 -1.634789342373917098e-02 -9.020861233500833062e-03 -5.366124720145006889e-03 -9.020861233500833062e-03 -1.634789342373917098e-02 -8.955179317913883330e-03 -4.263592482759133960e-03 -5.366124720145006889e-03 -5.972435119240055226e-03 -6.756529686438800600e-03 -1.048217168466848009e-02 -1.406872585842057315e-02 -1.513383579603889983e-04 -5.366124720145006889e-03 1.646830572131532640e-03 -8.955179317913883330e-03 -1.634789342373917098e-02 -4.263592482759133960e-03 -1.323733404404885128e-02 -9.020861233500833062e-03 -1.406872585842057315e-02 -1.048217168466848009e-02 -5.972435119240055226e-03 -8.362635772513128327e-03 -1.323733404404885128e-02 -7.596295906191144996e-03 -1.513383579603889983e-04 -8.955179317913883330e-03 -9.020861233500833062e-03 -8.362635772513128327e-03 -1.406872585842057315e-02 8.741129335965860210e-04 -7.596295906191144996e-03 -4.039415925274524727e-03 -1.406872585842057315e-02 -8.955179317913883330e-03 -1.101692872069932883e-02 -1.101692872069932883e-02 -6.756529686438800600e-03 -6.756529686438800600e-03 -5.366124720145006889e-03 -6.188573152469207563e-03 8.741129335965860210e-04 -6.756529686438800600e-03 -1.406872585842057315e-02 -1.101692872069932883e-02 -1.101692872069932883e-02 -9.020861233500833062e-03 -6.756529686438800600e-03 -1.634789342373917098e-02 -1.101692872069932883e-02 8.741129335965860210e-04 -6.756529686438800600e-03 -7.596295906191144996e-03 -1.406872585842057315e-02 -8.362635772513128327e-03 -1.323733404404885128e-02 -8.362635772513128327e-03 -4.039415925274524727e-03 -1.634789342373917098e-02 -1.048217168466848009e-02 -1.323733404404885128e-02 -1.634789342373917098e-02 -1.406872585842057315e-02 -1.101692872069932883e-02 -4.039415925274524727e-03 -1.406872585842057315e-02 -8.362635772513128327e-03 -1.513383579603889983e-04 -1.048217168466848009e-02 -7.596295906191144996e-03 -1.406872585842057315e-02 -5.972435119240055226e-03 1.646830572131532640e-03 -4.039415925274524727e-03 -1.323733404404885128e-02 -5.366124720145006889e-03 -1.406872585842057315e-02 -1.406872585842057315e-02 -1.406872585842057315e-02 -1.406872585842057315e-02 -1.048217168466848009e-02 -5.972435119240055226e-03 -6.756529686438800600e-03 -4.039415925274524727e-03 8.741129335965860210e-04 -7.779991705440302517e-03 -1.634789342373917098e-02 -4.039415925274524727e-03 -7.779991705440302517e-03 -8.955179317913883330e-03 -7.779991705440302517e-03 8.741129335965860210e-04 -5.366124720145006889e-03 -7.596295906191144996e-03 -1.323733404404885128e-02 -1.634789342373917098e-02 -5.366124720145006889e-03 1.646830572131532640e-03 -4.263592482759133960e-03 -4.039415925274524727e-03 -1.048217168466848009e-02 -6.756529686438800600e-03 8.741129335965860210e-04 -5.366124720145006889e-03 1.646830572131532640e-03 -6.188573152469207563e-03 8.741129335965860210e-04 -1.634789342373917098e-02 -7.596295906191144996e-03 -9.020861233500833062e-03 -1.101692872069932883e-02 -1.406872585842057315e-02 -6.756529686438800600e-03 -6.188573152469207563e-03 -9.020861233500833062e-03 -1.406872585842057315e-02 -8.955179317913883330e-03 -7.779991705440302517e-03 -7.596295906191144996e-03 -9.020861233500833062e-03 1.646830572131532640e-03 -1.513383579603889983e-04 1.646830572131532640e-03 -1.634789342373917098e-02 -5.972435119240055226e-03 -6.669815978869182704e-03 -4.263592482759133960e-03 -6.756529686438800600e-03 -8.362635772513128327e-03 -1.101692872069932883e-02 -6.756529686438800600e-03 -6.669815978869182704e-03 -4.039415925274524727e-03 -1.406872585842057315e-02 -1.323733404404885128e-02 -6.669815978869182704e-03 -6.756529686438800600e-03 -7.779991705440302517e-03 -1.048217168466848009e-02 -1.048217168466848009e-02 -1.634789342373917098e-02 8.741129335965860210e-04 -1.101692872069932883e-02 -8.955179317913883330e-03 -1.406872585842057315e-02 -6.756529686438800600e-03 -5.972435119240055226e-03 8.741129335965860210e-04 -1.323733404404885128e-02 -6.669815978869182704e-03 -1.406872585842057315e-02 -8.362635772513128327e-03 -1.513383579603889983e-04 -1.634789342373917098e-02 -6.669815978869182704e-03 -1.048217168466848009e-02 -1.634789342373917098e-02 -6.188573152469207563e-03 -4.039415925274524727e-03 -5.366124720145006889e-03 -7.596295906191144996e-03 -1.513383579603889983e-04 -9.020861233500833062e-03 -1.406872585842057315e-02 -7.779991705440302517e-03 -1.634789342373917098e-02 -7.596295906191144996e-03 -1.634789342373917098e-02 -1.634789342373917098e-02 -5.972435119240055226e-03 -1.634789342373917098e-02 -8.955179317913883330e-03 -9.020861233500833062e-03 -4.263592482759133960e-03 -5.972435119240055226e-03 -5.366124720145006889e-03 -4.039415925274524727e-03 -1.634789342373917098e-02 -6.669815978869182704e-03 -1.323733404404885128e-02 -8.362635772513128327e-03 -8.955179317913883330e-03 -4.263592482759133960e-03 -8.955179317913883330e-03 -7.779991705440302517e-03 -6.669815978869182704e-03 -7.779991705440302517e-03 -6.756529686438800600e-03 -8.955179317913883330e-03 8.741129335965860210e-04 -6.669815978869182704e-03 -1.048217168466848009e-02 8.741129335965860210e-04 -9.020861233500833062e-03 -4.263592482759133960e-03 -1.406872585842057315e-02 -1.323733404404885128e-02 -6.669815978869182704e-03 -4.039415925274524727e-03 -1.634789342373917098e-02 -7.779991705440302517e-03 -6.669815978869182704e-03 -5.972435119240055226e-03 -1.048217168466848009e-02 -6.756529686438800600e-03 -6.756529686438800600e-03 -5.972435119240055226e-03 -7.596295906191144996e-03 -6.669815978869182704e-03 -8.955179317913883330e-03 -7.779991705440302517e-03 -8.362635772513128327e-03 -1.634789342373917098e-02 -5.972435119240055226e-03 -1.406872585842057315e-02 1.646830572131532640e-03 -1.323733404404885128e-02 8.741129335965860210e-04 -8.955179317913883330e-03 8.741129335965860210e-04 -1.406872585842057315e-02 -6.756529686438800600e-03 -4.263592482759133960e-03 -4.039415925274524727e-03 -1.406872585842057315e-02 -4.263592482759133960e-03 -1.406872585842057315e-02 -6.188573152469207563e-03 -4.039415925274524727e-03 1.646830572131532640e-03 -7.779991705440302517e-03 -7.596295906191144996e-03
-9.020861233500833062e-03 1.646830572131532640e-03 -1.634789342373917098e-02 -4.039415925274524727e-03 -1.323733404404885128e-02 -7.596295906191144996e-03 8.741129335965860210e-04 -6.188573152469207563e-03 -8.955179317913883330e-03 -1.101692872069932883e-02 -1.513383579603889983e-04 -6.756529686438800600e-03 -7.596295906191144996e-03 -8.362635772513128327e-03 -1.634789342373917098e-02 -6.669815978869182704e-03 -1.101692872069932883e-02 -7.596295906191144996e-03 -4.039415925274524727e-03 -1.406872585842057315e-02 -5.972435119240055226e-03 -6.188573152469207563e-03 -6.669815978869182704e-03 -1.323733404404885128e-02 -1.323733404404885128e-02 -8.955179317913883330e-03 -1.101692872069932883e-02 -6.669815978869182704e-03 -1.634789342373917098e-02 -5.366124720145006889e-03 -7.596295906191144996e-03 1.646830572131532640e-03 -1.048217168466848009e-02 -1.634789342373917098e-02 -8.362635772513128327e-03 8.741129335965860210e-04 -6.756529686438800600e-03 -9.020861233500833062e-03 -1.634789342373917098e-02 -1.634789342373917098e-02 -1.634789342373917098e-02 -4.039415925274524727e-03 -5.366124720145006889e-03 8.741129335965860210e-04 -5.972435119240055226e-03 -1.513383579603889983e-04 -1.513383579603889983e-04 -4.263592482759133960e-03 -1.101692872069932883e-02 -1.101692872069932883e-02 -1.101692872069932883e-02 -1.513383579603889983e-04 -5.972435119240055226e-03 -6.188573152469207563e-03 -4.263592482759133960e-03 -8.955179317913883330e-03 -4.039415925274524727e-03 -9.020861233500833062e-03 8.741129335965860210e-04 -7.596295906191144996e-03 -6.188573152469207563e-03 -8.362635772513128327e-03 -1.634789342373917098e-02 -1.406872585842057315e-02 -5.972435119240055226e-03 1.646830572131532640e-03 -8.955179317913883330e-03 -1.634789342373917098e-02 -9.020861233500833062e-03 -5.366124720145006889e-03 -9.020861233500833062e-03 -1.634789342373917098e-02 -8.955179317913883330e-03 -4.263592482759133960e-03 -5.366124720145006889e-03 -5.972435119240055226e-03 -6.756529686438800600e-03 -1.048217168466848009e-02 -1.406872585842057315e-02 -1.513383579603889983e-04 -5.366124720145006889e-03 1.646830572131532640e-03 -8.955179317913883330e-03 -1.634789342373917098e-02 -4.263592482759133960e-03 -1.323733404404885128e-02 -9.020861233500833062e-03 -1.406872585842057315e-02 -1.048217168466848009e-02 -5.972435119240055226e-03 -8.362635772513128327e-03 -1.323733404404885128e-02 -7.596295906191144996e-03 -1.513383579603889983e-04 -8.955179317913883330e-03 -9.020861233500833062e-03 -8.362635772513128327e-03 -1.406872585842057315e-02 8.741129335965860210e-04 -7.596295906191144996e-03 -4.039415925274524727e-03 -1.406872585842057315e-02 -8.955179317913883330e-03 -1.101692872069932883e-02 -1.101692872069932883e-02 -6.756529686438800600e-03 -6.756529686438800600e-03 -5.366124720145006889e-03 -6.188573152469207563e-03 8.741129335965860210e-04 -6.756529686438800600e-03 -1.406872585842057315e-02 -1.101692872069932883e-02 -1.101692872069932883e-02 -9.020861233500833062e-03 -6.756529686438800600e-03 -1.634789342373917098e-02 -1.101692872069932883e-02 8.741129335965860210e-04 -6.756529686438800600e-03 -7.596295906191144996e-03 -1.406872585842057315e-02 -8.362635772513128327e-03 -1.323733404404885128e-02 -8.362635772513128327e-03 -4.039415925274524727e-03 -1.634789342373917098e-02 -1.048217168466848009e-02 -1.323733404404885128e-02 -1.634789342373917098e-02 -1.406872585842057315e-02 -1.101692872069932883e-02 -4.039415925274524727e-03 -1.406872585842057315e-02 -8.362635772513128327e-03 -1.513383579603889983e-04 -1.048217168466848009e-02 -7.596295906191144996e-03 -1.406872585842057315e-02 -5.972435119240055226e-03 1.646830572131532640e-03 -4.039415925274524727e-03 -1.323733404404885128e-02 -5.366124720145006889e-03 -1.406872585842057315e-02 -1.406872585842057315e-02 -1.406872585842057315e-02 -1.406872585842057315e-02 -1.048217168466848009e-02 -5.972435119240055226e-03 -6.756529686438800600e-03 -4.039415925274524727e-03 8.741129335965860210e-04 -7.779991705440302517e-03 -1.634789342373917098e-02 -4.039415925274524727e-03 -7.779991705440302517e-03 -8.955179317913883330e-03 -7.779991705440302517e-03 8.741129335965860210e-04 -5.366124720145006889e-03 -7.596295906191144996e-03 -1.323733404404885128e-02 -1.634789342373917098e-02 -5.366124720145006889e-03 1.646830572131532640e-03 -4.263592482759133960e-03 -4.039415925274524727e-03 -1.048217168466848009e-02 -6.756529686438800600e-03 8.741129335965860210e-04 -5.366124720145006889e-03 1.646830572131532640e-03 -6.188573152469207563e-03 8.741129335965860210e-04 -1.634789342373917098e-02 -7.596295906191144996e-03 -9.020861233500833062e-03 -1.101692872069932883e-02 -1.406872585842057315e-02 -6.756529686438800600e-03 -6.188573152469207563e-03 -9.020861233500833062e-03 -1.406872585842057315e-02 -8.955179317913883330e-03 -7.779991705440302517e-03 -7.596295906191144996e-03 -9.020861233500833062e-03 1.646830572131532640e-03 -1.513383579603889983e-04 1.646830572131532640e-03 -1.634789342373917098e-02 -5.972435119240055226e-03 -6.669815978869182704e-03 -4.263592482759133960e-03 -6.756529686438800600e-03 -8.362635772513128327e-03 -1.101692872069932883e-02 -6.756529686438800600e-03 -6.669815978869182704e-03 -4.039415925274524727e-03 -1.406872585842057315e-02 -1.323733404404885128e-02 -6.669815978869182704e-03 -6.756529686438800600e-03 -7.779991705440302517e-03 -1.048217168466848009e-02 -1.048217168466848009e-02 -1.634789342373917098e-02 8.741129335965860210e-04 -1.101692872069932883e-02 -8.955179317913883330e-03 -1.406872585842057315e-02 -6.756529686438800600e-03 -5.972435119240055226e-03 8.741129335965860210e-04 -1.323733404404885128e-02 -6.669815978869182704e-03 -1.406872585842057315e-02 -8.362635772513128327e-03 -1.513383579603889983e-04 -1.634789342373917098e-02 -6.669815978869182704e-03 -1.048217168466848009e-02 -1.634789342373917098e-02 -6.188573152469207563e-03 -4.039415925274524727e-03 -5.366124720145006889e-03 -7.596295906191144996e-03 -1.513383579603889983e-04 -9.020861233500833062e-03 -1.406872585842057315e-02 -7.779991705440302517e-03 -1.634789342373917098e-02 -7.596295906191144996e-03 -1.634789342373917098e-02 -1.634789342373917098e-02 -5.972435119240055226e-03 -1.634789342373917098e-02 -8.955179317913883330e-03 -9.020861233500833062e-03 -4.263592482759133960e-03 -5.972435119240055226e-03 -5.366124720145006889e-03 -4.039415925274524727e-03 -1.634789342373917098e-02 -6.669815978869182704e-03 -1.323733404404885128e-02 -8.362635772513128327e-03 -8.955179317913883330e-03 -4.263592482759133960e-03 -8.955179317913883330e-03 -7.779991705440302517e-03 -6.669815978869182704e-03 -7.779991705440302517e-03 -6.756529686438800600e-03 -8.955179317913883330e-03 8.741129335965860210e-04 -6.669815978869182704e-03 -1.048217168466848009e-02 8.741129335965860210e-04 -9.020861233500833062e-03 -4.263592482759133960e-03 -1.406872585842057315e-02 -1.323733404404885128e-02 -6.669815978869182704e-03 -4.039415925274524727e-03 -1.634789342373917098e-02 -7.779991705440302517e-03 -6.669815978869182704e-03 -5.972435119240055226e-03 -1.048217168466848009e-02 -6.756529686438800600e-03 -6.756529686438800600e-03 -5.972435119240055226e-03 -7.596295906191144996e-03 -6.669815978869182704e-03 -8.955179317913883330e-03 -7.779991705440302517e-03 -8.362635772513128327e-03 -1.634789342373917098e-02 -5.972435119240055226e-03 -1.406872585842057315e-02 1.646830572131532640e-03 -1.323733404404885128e-02 8.741129335965860210e-04 -8.955179317913883330e-03 8.741129335965860210e-04 -1.406872585842057315e-02 -6.756529686438800600e-03 -4.263592482759133960e-03 -4.039415925274524727e-03 -1.406872585842057315e-02 -4.263592482759133960e-03 -1.406872585842057315e-02 -6.188573152469207563e-03 -4.039415925274524727e-03 1.646830572131532640e-03 -7.779991705440302517e-03 -7.596295906191144996e-03
-2.356498631691098574e-03 -7.225019586116531237e-03 -1.245016311990406258e-02 -7.687919198320966943e-03 -1.093524929689928572e-02 -8.660540514541485366e-03 -3.014874467552496572e-03 1.406116759563252536e-02 -9.636539490680212997e-03 -7.356930398860044192e-03 7.904681581389839257e-03 -2.262305232674472182e-03 -8.660540514541485366e-03 3.144704200912035175e-03 -1.245016311990406258e-02 3.222524792223434797e-04 -7.356930398860044192e-03 -8.660540514541485366e-03 -7.687919198320966943e-03 -1.047700956729390696e-02 -9.514740163193209643e-03 1.406116759563252536e-02 3.222524792223434797e-04 -1.093524929689928572e-02 -1.093524929689928572e-02 -9.636539490680212997e-03 -7.356930398860044192e-03 3.222524792223434797e-04 -1.245016311990406258e-02 1.276802374044806732e-02 -8.660540514541485366e-03 -7.225019586116531237e-03 -1.064756786622704336e-02 -1.245016311990406258e-02 3.144704200912035175e-03 -3.014874467552496572e-03 -2.262305232674472182e-03 -2.356498631691098574e-03 -1.245016311990406258e-02 -1.245016311990406258e-02 -1.245016311990406258e-02 -7.687919198320966943e-03 1.276802374044806732e-02 -3.014874467552496572e-03 -9.514740163193209643e-03 7.904681581389839257e-03 7.904681581389839257e-03 4.019801777565034859e-03 -7.356930398860044192e-03 -7.356930398860044192e-03 -7.356930398860044192e-03 7.904681581389839257e-03 -9.514740163193209643e-03 1.406116759563252536e-02 4.019801777565034859e-03 -9.636539490680212997e-03 -7.687919198320966943e-03 -2.356498631691098574e-03 -3.014874467552496572e-03 -8.660540514541485366e-03 1.406116759563252536e-02 3.144704200912035175e-03 -1.245016311990406258e-02 -1.047700956729390696e-02 -9.514740163193209643e-03 -7.225019586116531237e-03 -9.636539490680212997e-03 -1.245016311990406258e-02 -2.356498631691098574e-03 1.276802374044806732e-02 -2.356498631691098574e-03 -1.245016311990406258e-02 -9.636539490680212997e-03 4.019801777565034859e-03 1.276802374044806732e-02 -9.514740163193209643e-03 -2.262305232674472182e-03 -1.064756786622704336e-02 -1.047700956729390696e-02 7.904681581389839257e-03 1.276802374044806732e-02 -7.225019586116531237e-03 -9.636539490680212997e-03 -1.245016311990406258e-02 4.019801777565034859e-03 -1.093524929689928572e-02 -2.356498631691098574e-03 -1.047700956729390696e-02 -1.064756786622704336e-02 -9.514740163193209643e-03 3.144704200912035175e-03 -1.093524929689928572e-02 -8.660540514541485366e-03 7.904681581389839257e-03 -9.636539490680212997e-03 -2.356498631691098574e-03 3.144704200912035175e-03 -1.047700956729390696e-02 -3.014874467552496572e-03 -8.660540514541485366e-03 -7.687919198320966943e-03 -1.047700956729390696e-02 -9.636539490680212997e-03 -7.356930398860044192e-03 -7.356930398860044192e-03 -2.262305232674472182e-03 -2.262305232674472182e-03 1.276802374044806732e-02 1.406116759563252536e-02 -3.014874467552496572e-03 -2.262305232674472182e-03 -1.047700956729390696e-02 -7.356930398860044192e-03 -7.356930398860044192e-03 -2.356498631691098574e-03 -2.262305232674472182e-03 -1.245016311990406258e-02 -7.356930398860044192e-03 -3.014874467552496572e-03 -2.262305232674472182e-03 -8.660540514541485366e-03 -1.047700956729390696e-02 3.144704200912035175e-03 -1.093524929689928572e-02 3.144704200912035175e-03 -7.687919198320966943e-03 -1.245016311990406258e-02 -1.064756786622704336e-02 -1.093524929689928572e-02 -1.245016311990406258e-02 -1.047700956729390696e-02 -7.356930398860044192e-03 -7.687919198320966943e-03 -1.047700956729390696e-02 3.144704200912035175e-03 7.904681581389839257e-03 -1.064756786622704336e-02 -8.660540514541485366e-03 -1.047700956729390696e-02 -9.514740163193209643e-03 -7.225019586116531237e-03 -7.687919198320966943e-03 -1.093524929689928572e-02 1.276802374044806732e-02 -1.047700956729390696e-02 -1.047700956729390696e-02 -1.047700956729390696e-02 -1.047700956729390696e-02 -1.064756786622704336e-02 -9.514740163193209643e-03 -2.262305232674472182e-03 -7.687919198320966943e-03 -3.014874467552496572e-03 -5.553535276651012063e-03 -1.245016311990406258e-02 -7.687919198320966943e-03 -5.553535276651012063e-03 -9.636539490680212997e-03 -5.553535276651012063e-03 -3.014874467552496572e-03 1.276802374044806732e-02 -8.660540514541485366e-03 -1.093524929689928572e-02 -1.245016311990406258e-02 1.276802374044806732e-02 -7.225019586116531237e-03 4.019801777565034859e-03 -7.687919198320966943e-03 -1.064756786622704336e-02 -2.262305232674472182e-03 -3.014874467552496572e-03 1.276802374044806732e-02 -7.225019586116531237e-03 1.406116759563252536e-02 -3.014874467552496572e-03 -1.245016311990406258e-02 -8.660540514541485366e-03 -2.356498631691098574e-03 -7.356930398860044192e-03 -1.047700956729390696e-02 -2.262305232674472182e-03 1.406116759563252536e-02 -2.356498631691098574e-03 -1.047700956729390696e-02 -9.636539490680212997e-03 -5.553535276651012063e-03 -8.660540514541485366e-03 -2.356498631691098574e-03 -7.225019586116531237e-03 7.904681581389839257e-03 -7.225019586116531237e-03 -1.245016311990406258e-02 -9.514740163193209643e-03 3.222524792223434797e-04 4.019801777565034859e-03 -2.262305232674472182e-03 3.144704200912035175e-03 -7.356930398860044192e-03 -2.262305232674472182e-03 3.222524792223434797e-04 -7.687919198320966943e-03 -1.047700956729390696e-02 -1.093524929689928572e-02 3.222524792223434797e-04 -2.262305232674472182e-03 -5.553535276651012063e-03 -1.064756786622704336e-02 -1.064756786622704336e-02 -1.245016311990406258e-02 -3.014874467552496572e-03 -7.356930398860044192e-03 -9.636539490680212997e-03 -1.047700956729390696e-02 -2.262305232674472182e-03 -9.514740163193209643e-03 -3.014874467552496572e-03 -1.093524929689928572e-02 3.222524792223434797e-04 -1.047700956729390696e-02 3.144704200912035175e-03 7.904681581389839257e-03 -1.245016311990406258e-02 3.222524792223434797e-04 -1.064756786622704336e-02 -1.245016311990406258e-02 1.406116759563252536e-02 -7.687919198320966943e-03 1.276802374044806732e-02 -8.660540514541485366e-03 7.904681581389839257e-03 -2.356498631691098574e-03 -1.047700956729390696e-02 -5.553535276651012063e-03 -1.245016311990406258e-02 -8.660540514541485366e-03 -1.245016311990406258e-02 -1.245016311990406258e-02 -9.514740163193209643e-03 -1.245016311990406258e-02 -9.636539490680212997e-03 -2.356498631691098574e-03 4.019801777565034859e-03 -9.514740163193209643e-03 1.276802374044806732e-02 -7.687919198320966943e-03 -1.245016311990406258e-02 3.222524792223434797e-04 -1.093524929689928572e-02 3.144704200912035175e-03 -9.636539490680212997e-03 4.019801777565034859e-03 -9.636539490680212997e-03 -5.553535276651012063e-03 3.222524792223434797e-04 -5.553535276651012063e-03 -2.262305232674472182e-03 -9.636539490680212997e-03 -3.014874467552496572e-03 3.222524792223434797e-04 -1.064756786622704336e-02 -3.014874467552496572e-03 -2.356498631691098574e-03 4.019801777565034859e-03 -1.047700956729390696e-02 -1.093524929689928572e-02 3.222524792223434797e-04 -7.687919198320966943e-03 -1.245016311990406258e-02 -5.553535276651012063e-03 3.222524792223434797e-04 -9.514740163193209643e-03 -1.064756786622704336e-02 -2.262305232674472182e-03 -2.262305232674472182e-03 -9.514740163193209643e-03 -8.660540514541485366e-03 3.222524792223434797e-04 -9.636539490680212997e-03 -5.553535276651012063e-03 3.144704200912035175e-03 -1.245016311990406258e-02 -9.514740163193209643e-03 -1.047700956729390696e-02 -7.225019586116531237e-03 -1.093524929689928572e-02 -3.014874467552496572e-03 -9.636539490680212997e-03 -3.014874467552496572e-03 -1.047700956729390696e-02 -2.262305232674472182e-03 4.019801777565034859e-03 -7.687919198320966943e-03 -1.047700956729390696e-02 4.019801777565034859e-03 -1.047700956729390696e-02 1.406116759563252536e-02 -7.687919198320966943e-03 -7.225019586116531237e-03 -5.553535276651012063e-03 -8.660540514541485366e-03
-2.356498631691098574e-03 -7.225019586116531237e-03 -1.245016311990406258e-02 -7.687919198320966943e-03 -1.093524929689928572e-02 -8.660540514541485366e-03 -3.014874467552496572e-03 1.406116759563252536e-02 -9.636539490680212997e-03 -7.356930398860044192e-03 7.904681581389839257e-03 -2.262305232674472182e-03 -8.660540514541485366e-03 3.144704200912035175e-03 -1.245016311990406258e-02 3.222524792223434797e-04 -7.356930398860044192e-03 -8.660540514541485366e-03 -7.687919198320966943e-03 -1.047700956729390696e-02 -9.514740163193209643e-03 1.406116759563252536e-02 3.222524792223434797e-04 -1.093524929689928572e-02 -1.093524929689928572e-02 -9.636539490680212997e-03 -7.356930398860044192e-03 3.222524792223434797e-04 -1.245016311990406258e-02 1.276802374044806732e-02 -8.660540514541485366e-03 -7.225019586116531237e-03 -1.064756786622704336e-02 -1.245016311990406258e-02 3.144704200912035175e-03 -3.014874467552496572e-03 -2.262305232674472182e-03 -2.356498631691098574e-03 -1.245016311990406258e-02 -1.245016311990406258e-02 -1.245016311990406258e-02 -7.687919198320966943e-03 1.276802374044806732e-02 -3.014874467552496572e-03 -9.514740163193209643e-03 7.904681581389839257e-03 7.904681581389839257e-03 4.019801777565034859e-03 -7.356930398860044192e-03 -7.356930398860044192e-03 -7.356930398860044192e-03 7.904681581389839257e-03 -9.514740163193209643e-03 1.406116759563252536e-02 4.019801777565034859e-03 -9.636539490680212997e-03 -7.687919198320966943e-03 -2.356498631691098574e-03 -3.014874467552496572e-03 -8.660540514541485366e-03 1.406116759563252536e-02 3.144704200912035175e-03 -1.245016311990406258e-02 -1.047700956729390696e-02 -9.514740163193209643e-03 -7.225019586116531237e-03 -9.636539490680212997e-03 -1.245016311990406258e-02 -2.356498631691098574e-03 1.276802374044806732e-02 -2.356498631691098574e-03 -1.245016311990406258e-02 -9.636539490680212997e-03 4.019801777565034859e-03 1.276802374044806732e-02 -9.514740163193209643e-03 -2.262305232674472182e-03 -1.064756786622704336e-02 -1.047700956729390696e-02 7.904681581389839257e-03 1.276802374044806732e-02 -7.225019586116531237e-03 -9.636539490680212997e-03 -1.245016311990406258e-02 4.019801777565034859e-03 -1.093524929689928572e-02 -2.356498631691098574e-03 -1.047700956729390696e-02 -1.064756786622704336e-02 -9.514740163193209643e-03 3.144704200912035175e-03 -1.093524929689928572e-02 -8.660540514541485366e-03 7.904681581389839257e-03 -9.636539490680212997e-03 -2.356498631691098574e-03 3.144704200912035175e-03 -1.047700956729390696e-02 -3.014874467552496572e-03 -8.660540514541485366e-03 -7.687919198320966943e-03 -1.047700956729390696e-02 -9.636539490680212997e-03 -7.356930398860044192e-03 -7.356930398860044192e-03 -2.262305232674472182e-03 -2.262305232674472182e-03 1.276802374044806732e-02 1.406116759563252536e-02 -3.014874467552496572e-03 -2.262305232674472182e-03 -1.047700956729390696e-02 -7.356930398860044192e-03 -7.356930398860044192e-03 -2.356498631691098574e-03 -2.262305232674472182e-03 -1.245016311990406258e-02 -7.356930398860044192e-03 -3.014874467552496572e-03 -2.262305232674472182e-03 -8.660540514541485366e-03 -1.047700956729390696e-02 3.144704200912035175e-03 -1.093524929689928572e-02 3.144704200912035175e-03 -7.687919198320966943e-03 -1.245016311990406258e-02 -1.064756786622704336e-02 -1.093524929689928572e-02 -1.245016311990406258e-02 -1.047700956729390696e-02 -7.356930398860044192e-03 -7.687919198320966943e-03 -1.047700956729390696e-02 3.144704200912035175e-03 7.904681581389839257e-03 -1.064756786622704336e-02 -8.660540514541485366e-03 -1.047700956729390696e-02 -9.514740163193209643e-03 -7.225019586116531237e-03 -7.687919198320966943e-03 -1.093524929689928572e-02 1.276802374044806732e-02 -1.047700956729390696e-02 -1.047700956729390696e-02 -1.047700956729390696e-02 -1.047700956729390696e-02 -1.064756786622704336e-02 -9.514740163193209643e-03 -2.262305232674472182e-03 -7.687919198320966943e-03 -3.014874467552496572e-03 -5.553535276651012063e-03 -1.245016311990406258e-02 -7.687919198320966943e-03 -5.553535276651012063e-03 -9.636539490680212997e-03 -5.553535276651012063e-03 -3.014874467552496572e-03 1.276802374044806732e-02 -8.660540514541485366e-03 -1.093524929689928572e-02 -1.245016311990406258e-02 1.276802374044806732e-02 -7.225019586116531237e-03 4.019801777565034859e-03 -7.687919198320966943e-03 -1.064756786622704336e-02 -2.262305232674472182e-03 -3.014874467552496572e-03 1.276802374044806732e-02 -7.225019586116531237e-03 1.406116759563252536e-02 -3.014874467552496572e-03 -1.245016311990406258e-02 -8.660540514541485366e-03 -2.356498631691098574e-03 -7.356930398860044192e-03 -1.047700956729390696e-02 -2.262305232674472182e-03 1.406116759563252536e-02 -2.356498631691098574e-03 -1.047700956729390696e-02 -9.636539490680212997e-03 -5.553535276651012063e-03 -8.660540514541485366e-03 -2.356498631691098574e-03 -7.225019586116531237e-03 7.904681581389839257e-03 -7.225019586116531237e-03 -1.245016311990406258e-02 -9.514740163193209643e-03 3.222524792223434797e-04 4.019801777565034859e-03 -2.262305232674472182e-03 3.144704200912035175e-03 -7.356930398860044192e-03 -2.262305232674472182e-03 3.222524792223434797e-04 -7.687919198320966943e-03 -1.047700956729390696e-02 -1.093524929689928572e-02 3.222524792223434797e-04 -2.262305232674472182e-03 -5.553535276651012063e-03 -1.064756786622704336e-02 -1.064756786622704336e-02 -1.245016311990406258e-02 -3.014874467552496572e-03 -7.356930398860044192e-03 -9.636539490680212997e-03 -1.047700956729390696e-02 -2.262305232674472182e-03 -9.514740163193209643e-03 -3.014874467552496572e-03 -1.093524929689928572e-02 3.222524792223434797e-04 -1.047700956729390696e-02 3.144704200912035175e-03 7.904681581389839257e-03 -1.245016311990406258e-02 3.222524792223434797e-04 -1.064756786622704336e-02 -1.245016311990406258e-02 1.406116759563252536e-02 -7.687919198320966943e-03 1.276802374044806732e-02 -8.660540514541485366e-03 7.904681581389839257e-03 -2.356498631691098574e-03 -1.047700956729390696e-02 -5.553535276651012063e-03 -1.245016311990406258e-02 -8.660540514541485366e-03 -1.245016311990406258e-02 -1.245016311990406258e-02 -9.514740163193209643e-03 -1.245016311990406258e-02 -9.636539490680212997e-03 -2.356498631691098574e-03 4.019801777565034859e-03 -9.514740163193209643e-03 1.276802374044806732e-02 -7.687919198320966943e-03 -1.245016311990406258e-02 3.222524792223434797e-04 -1.093524929689928572e-02 3.144704200912035175e-03 -9.636539490680212997e-03 4.019801777565034859e-03 -9.636539490680212997e-03 -5.553535276651012063e-03 3.222524792223434797e-04 -5.553535276651012063e-03 -2.262305232674472182e-03 -9.636539490680212997e-03 -3.014874467552496572e-03 3.222524792223434797e-04 -1.064756786622704336e-02 -3.014874467552496572e-03 -2.356498631691098574e-03 4.019801777565034859e-03 -1.047700956729390696e-02 -1.093524929689928572e-02 3.222524792223434797e-04 -7.687919198320966943e-03 -1.245016311990406258e-02 -5.553535276651012063e-03 3.222524792223434797e-04 -9.514740163193209643e-03 -1.064756786622704336e-02 -2.262305232674472182e-03 -2.262305232674472182e-03 -9.514740163193209643e-03 -8.660540514541485366e-03 3.222524792223434797e-04 -9.636539490680212997e-03 -5.553535276651012063e-03 3.144704200912035175e-03 -1.245016311990406258e-02 -9.514740163193209643e-03 -1.047700956729390696e-02 -7.225019586116531237e-03 -1.093524929689928572e-02 -3.014874467552496572e-03 -9.636539490680212997e-03 -3.014874467552496572e-03 -1.047700956729390696e-02 -2.262305232674472182e-03 4.019801777565034859e-03 -7.687919198320966943e-03 -1.047700956729390696e-02 4.019801777565034859e-03 -1.047700956729390696e-02 1.406116759563252536e-02 -7.687919198320966943e-03 -7.225019586116531237e-03 -5.553535276651012063e-03 -8.660540514541485366e-03
1.996908918805992590e-03 -1.064002693339948652e-02 -1.297536779810549122e-02 -1.003091053275118917e-02 -7.418449593830376068e-03 -6.309390671401337962e-03 -3.013914418794272289e-04 -3.952621707645475116e-03 -9.447996389850790711e-03 -5.930333114261146857e-03 1.599176827096005730e-03 1.450852489325676637e-03 -6.309390671401337962e-03 8.252881626615025598e-03 -1.297536779810549122e-02 3.939076604496752690e-03 -5.930333114261146857e-03 -6.309390671401337962e-03 -1.003091053275118917e-02 -8.298953274005730837e-03 -1.309298016666964742e-02 -3.952621707645475116e-03 3.939076604496752690e-03 -7.418449593830376068e-03 -7.418449593830376068e-03 -9.447996389850790711e-03 -5.930333114261146857e-03 3.939076604496752690e-03 -1.297536779810549122e-02 7.367887068927800147e-03 -6.309390671401337962e-03 -1.064002693339948652e-02 -1.390580133628263083e-02 -1.297536779810549122e-02 8.252881626615025598e-03 -3.013914418794272289e-04 1.450852489325676637e-03 1.996908918805992590e-03 -1.297536779810549122e-02 -1.297536779810549122e-02 -1.297536779810549122e-02 -1.003091053275118917e-02 7.367887068927800147e-03 -3.013914418794272289e-04 -1.309298016666964742e-02 1.599176827096005730e-03 1.599176827096005730e-03 -4.221838818329112265e-03 -5.930333114261146857e-03 -5.930333114261146857e-03 -5.930333114261146857e-03 1.599176827096005730e-03 -1.309298016666964742e-02 -3.952621707645475116e-03 -4.221838818329112265e-03 -9.447996389850790711e-03 -1.003091053275118917e-02 1.996908918805992590e-03 -3.013914418794272289e-04 -6.309390671401337962e-03 -3.952621707645475116e-03 8.252881626615025598e-03 -1.297536779810549122e-02 -8.298953274005730837e-03 -1.309298016666964742e-02 -1.064002693339948652e-02 -9.447996389850790711e-03 -1.297536779810549122e-02 1.996908918805992590e-03 7.367887068927800147e-03 1.996908918805992590e-03 -1.297536779810549122e-02 -9.447996389850790711e-03 -4.221838818329112265e-03 7.367887068927800147e-03 -1.309298016666964742e-02 1.450852489325676637e-03 -1.390580133628263083e-02 -8.298953274005730837e-03 1.599176827096005730e-03 7.367887068927800147e-03 -1.064002693339948652e-02 -9.447996389850790711e-03 -1.297536779810549122e-02 -4.221838818329112265e-03 -7.418449593830376068e-03 1.996908918805992590e-03 -8.298953274005730837e-03 -1.390580133628263083e-02 -1.309298016666964742e-02 8.252881626615025598e-03 -7.418449593830376068e-03 -6.309390671401337962e-03 1.599176827096005730e-03 -9.447996389850790711e-03 1.996908918805992590e-03 8.252881626615025598e-03 -8.298953274005730837e-03 -3.013914418794272289e-04 -6.309390671401337962e-03 -1.003091053275118917e-02 -8.298953274005730837e-03 -9.447996389850790711e-03 -5.930333114261146857e-03 -5.930333114261146857e-03 1.450852489325676637e-03 1.450852489325676637e-03 7.367887068927800147e-03 -3.952621707645475116e-03 -3.013914418794272289e-04 1.450852489325676637e-03 -8.298953274005730837e-03 -5.930333114261146857e-03 -5.930333114261146857e-03 1.996908918805992590e-03 1.450852489325676637e-03 -1.297536779810549122e-02 -5.930333114261146857e-03 -3.013914418794272289e-04 1.450852489325676637e-03 -6.309390671401337962e-03 -8.298953274005730837e-03 8.252881626615025598e-03 -7.418449593830376068e-03 8.252881626615025598e-03 -1.003091053275118917e-02 -1.297536779810549122e-02 -1.390580133628263083e-02 -7.418449593830376068e-03 -1.297536779810549122e-02 -8.298953274005730837e-03 -5.930333114261146857e-03 -1.003091053275118917e-02 -8.298953274005730837e-03 8.252881626615025598e-03 1.599176827096005730e-03 -1.390580133628263083e-02 -6.309390671401337962e-03 -8.298953274005730837e-03 -1.309298016666964742e-02 -1.064002693339948652e-02 -1.003091053275118917e-02 -7.418449593830376068e-03 7.367887068927800147e-03 -8.298953274005730837e-03 -8.298953274005730837e-03 -8.298953274005730837e-03 -8.298953274005730837e-03 -1.390580133628263083e-02 -1.309298016666964742e-02 1.450852489325676637e-03 -1.003091053275118917e-02 -3.013914418794272289e-04 -4.008423690394957023e-03 -1.297536779810549122e-02 -1.003091053275118917e-02 -4.008423690394957023e-03 -9.447996389850790711e-03 -4.008423690394957023e-03 -3.013914418794272289e-04 7.367887068927800147e-03 -6.309390671401337962e-03 -7.418449593830376068e-03 -1.297536779810549122e-02 7.367887068927800147e-03 -1.064002693339948652e-02 -4.221838818329112265e-03 -1.003091053275118917e-02 -1.390580133628263083e-02 1.450852489325676637e-03 -3.013914418794272289e-04 7.367887068927800147e-03 -1.064002693339948652e-02 -3.952621707645475116e-03 -3.013914418794272289e-04 -1.297536779810549122e-02 -6.309390671401337962e-03 1.996908918805992590e-03 -5.930333114261146857e-03 -8.298953274005730837e-03 1.450852489325676637e-03 -3.952621707645475116e-03 1.996908918805992590e-03 -8.298953274005730837e-03 -9.447996389850790711e-03 -4.008423690394957023e-03 -6.309390671401337962e-03 1.996908918805992590e-03 -1.064002693339948652e-02 1.599176827096005730e-03 -1.064002693339948652e-02 -1.297536779810549122e-02 -1.309298016666964742e-02 3.939076604496752690e-03 -4.221838818329112265e-03 1.450852489325676637e-03 8.252881626615025598e-03 -5.930333114261146857e-03 1.450852489325676637e-03 3.939076604496752690e-03 -1.003091053275118917e-02 -8.298953274005730837e-03 -7.418449593830376068e-03 3.939076604496752690e-03 1.450852489325676637e-03 -4.008423690394957023e-03 -1.390580133628263083e-02 -1.390580133628263083e-02 -1.297536779810549122e-02 -3.013914418794272289e-04 -5.930333114261146857e-03 -9.447996389850790711e-03 -8.298953274005730837e-03 1.450852489325676637e-03 -1.309298016666964742e-02 -3.013914418794272289e-04 -7.418449593830376068e-03 3.939076604496752690e-03 -8.298953274005730837e-03 8.252881626615025598e-03 1.599176827096005730e-03 -1.297536779810549122e-02 3.939076604496752690e-03 -1.390580133628263083e-02 -1.297536779810549122e-02 -3.952621707645475116e-03 -1.003091053275118917e-02 7.367887068927800147e-03 -6.309390671401337962e-03 1.599176827096005730e-03 1.996908918805992590e-03 -8.298953274005730837e-03 -4.008423690394957023e-03 -1.297536779810549122e-02 -6.309390671401337962e-03 -1.297536779810549122e-02 -1.297536779810549122e-02 -1.309298016666964742e-02 -1.297536779810549122e-02 -9.447996389850790711e-03 1.996908918805992590e-03 -4.221838818329112265e-03 -1.309298016666964742e-02 7.367887068927800147e-03 -1.003091053275118917e-02 -1.297536779810549122e-02 3.939076604496752690e-03 -7.418449593830376068e-03 8.252881626615025598e-03 -9.447996389850790711e-03 -4.221838818329112265e-03 -9.447996389850790711e-03 -4.008423690394957023e-03 3.939076604496752690e-03 -4.008423690394957023e-03 1.450852489325676637e-03 -9.447996389850790711e-03 -3.013914418794272289e-04 3.939076604496752690e-03 -1.390580133628263083e-02 -3.013914418794272289e-04 1.996908918805992590e-03 -4.221838818329112265e-03 -8.298953274005730837e-03 -7.418449593830376068e-03 3.939076604496752690e-03 -1.003091053275118917e-02 -1.297536779810549122e-02 -4.008423690394957023e-03 3.939076604496752690e-03 -1.309298016666964742e-02 -1.390580133628263083e-02 1.450852489325676637e-03 1.450852489325676637e-03 -1.309298016666964742e-02 -6.309390671401337962e-03 3.939076604496752690e-03 -9.447996389850790711e-03 -4.008423690394957023e-03 8.252881626615025598e-03 -1.297536779810549122e-02 -1.309298016666964742e-02 -8.298953274005730837e-03 -1.064002693339948652e-02 -7.418449593830376068e-03 -3.013914418794272289e-04 -9.447996389850790711e-03 -3.013914418794272289e-04 -8.298953274005730837e-03 1.450852489325676637e-03 -4.221838818329112265e-03 -1.003091053275118917e-02 -8.298953274005730837e-03 -4.221838818329112265e-03 -8.298953274005730837e-03 -3.952621707645475116e-03 -1.003091053275118917e-02 -1.064002693339948652e-02 -4.008423690394957023e-03 -6.309390671401337962e-03
1.996908918805992590e-03 -1.064002693339948652e-02 -1.297536779810549122e-02 -1.003091053275118917e-02 -7.418449593830376068e-03 -6.309390671401337962e-03 -3.013914418794272289e-04 -3.952621707645475116e-03 -9.447996389850790711e-03 -5.930333114261146857e-03 1.599176827096005730e-03 1.450852489325676637e-03 -6.309390671401337962e-03 8.252881626615025598e-03 -1.297536779810549122e-02 3.939076604496752690e-03 -5.930333114261146857e-03 -6.309390671401337962e-03 -1.003091053275118917e-02 -8.298953274005730837e-03 -1.309298016666964742e-02 -3.952621707645475116e-03 3.939076604496752690e-03 -7.418449593830376068e-03 -7.418449593830376068e-03 -9.447996389850790711e-03 -5.930333114261146857e-03 3.939076604496752690e-03 -1.297536779810549122e-02 7.367887068927800147e-03 -6.309390671401337962e-03 -1.064002693339948652e-02 -1.390580133628263083e-02 -1.297536779810549122e-02 8.252881626615025598e-03 -3.013914418794272289e-04 1.450852489325676637e-03 1.996908918805992590e-03 -1.297536779810549122e-02 -1.297536779810549122e-02 -1.297536779810549122e-02 -1.003091053275118917e-02 7.367887068927800147e-03 -3.013914418794272289e-04 -1.309298016666964742e-02 1.599176827096005730e-03 1.599176827096005730e-03 -4.221838818329112265e-03 -5.930333114261146857e-03 -5.930333114261146857e-03 -5.930333114261146857e-03 1.599176827096005730e-03 -1.309298016666964742e-02 -3.952621707645475116e-03 -4.221838818329112265e-03 -9.447996389850790711e-03 -1.003091053275118917e-02 1.996908918805992590e-03 -3.013914418794272289e-04 -6.309390671401337962e-03 -3.952621707645475116e-03 8.252881626615025598e-03 -1.297536779810549122e-02 -8.298953274005730837e-03 -1.309298016666964742e-02 -1.064002693339948652e-02 -9.447996389850790711e-03 -1.297536779810549122e-02 1.996908918805992590e-03 7.367887068927800147e-03 1.996908918805992590e-03 -1.297536779810549122e-02 -9.447996389850790711e-03 -4.221838818329112265e-03 7.367887068927800147e-03 -1.309298016666964742e-02 1.450852489325676637e-03 -1.390580133628263083e-02 -8.298953274005730837e-03 1.599176827096005730e-03 7.367887068927800147e-03 -1.064002693339948652e-02 -9.447996389850790711e-03 -1.297536779810549122e-02 -4.221838818329112265e-03 -7.418449593830376068e-03 1.996908918805992590e-03 -8.298953274005730837e-03 -1.390580133628263083e-02 -1.309298016666964742e-02 8.252881626615025598e-03 -7.418449593830376068e-03 -6.309390671401337962e-03 1.599176827096005730e-03 -9.447996389850790711e-03 1.996908918805992590e-03 8.252881626615025598e-03 -8.298953274005730837e-03 -3.013914418794272289e-04 -6.309390671401337962e-03 -1.003091053275118917e-02 -8.298953274005730837e-03 -9.447996389850790711e-03 -5.930333114261146857e-03 -5.930333114261146857e-03 1.450852489325676637e-03 1.450852489325676637e-03 7.367887068927800147e-03 -3.952621707645475116e-03 -3.013914418794272289e-04 1.450852489325676637e-03 -8.298953274005730837e-03 -5.930333114261146857e-03 -5.930333114261146857e-03 1.996908918805992590e-03 1.450852489325676637e-03 -1.297536779810549122e-02 -5.930333114261146857e-03 -3.013914418794272289e-04 1.450852489325676637e-03 -6.309390671401337962e-03 -8.298953274005730837e-03 8.252881626615025598e-03 -7.418449593830376068e-03 8.252881626615025598e-03 -1.003091053275118917e-02 -1.297536779810549122e-02 -1.390580133628263083e-02 -7.418449593830376068e-03 -1.297536779810549122e-02 -8.298953274005730837e-03 -5.930333114261146857e-03 -1.003091053275118917e-02 -8.298953274005730837e-03 8.252881626615025598e-03 1.599176827096005730e-03 -1.390580133628263083e-02 -6.309390671401337962e-03 -8.298953274005730837e-03 -1.309298016666964742e-02 -1.064002693339948652e-02 -1.003091053275118917e-02 -7.418449593830376068e-03 7.367887068927800147e-03 -8.298953274005730837e-03 -8.298953274005730837e-03 -8.298953274005730837e-03 -8.298953274005730837e-03 -1.390580133628263083e-02 -1.309298016666964742e-02 1.450852489325676637e-03 -1.003091053275118917e-02 -3.013914418794272289e-04 -4.008423690394957023e-03 -1.297536779810549122e-02 -1.003091053275118917e-02 -4.008423690394957023e-03 -9.447996389850790711e-03 -4.008423690394957023e-03 -3.013914418794272289e-04 7.367887068927800147e-03 -6.309390671401337962e-03 -7.418449593830376068e-03 -1.297536779810549122e-02 7.367887068927800147e-03 -1.064002693339948652e-02 -4.221838818329112265e-03 -1.003091053275118917e-02 -1.390580133628263083e-02 1.450852489325676637e-03 -3.013914418794272289e-04 7.367887068927800147e-03 -1.064002693339948652e-02 -3.952621707645475116e-03 -3.013914418794272289e-04 -1.297536779810549122e-02 -6.309390671401337962e-03 1.996908918805992590e-03 -5.930333114261146857e-03 -8.298953274005730837e-03 1.450852489325676637e-03 -3.952621707645475116e-03 1.996908918805992590e-03 -8.298953274005730837e-03 -9.447996389850790711e-03 -4.008423690394957023e-03 -6.309390671401337962e-03 1.996908918805992590e-03 -1.064002693339948652e-02 1.599176827096005730e-03 -1.064002693339948652e-02 -1.297536779810549122e-02 -1.309298016666964742e-02 3.939076604496752690e-03 -4.221838818329112265e-03 1.450852489325676637e-03 8.252881626615025598e-03 -5.930333114261146857e-03 1.450852489325676637e-03 3.939076604496752690e-03 -1.003091053275118917e-02 -8.298953274005730837e-03 -7.418449593830376068e-03 3.939076604496752690e-03 1.450852489325676637e-03 -4.008423690394957023e-03 -1.390580133628263083e-02 -1.390580133628263083e-02 -1.297536779810549122e-02 -3.013914418794272289e-04 -5.930333114261146857e-03 -9.447996389850790711e-03 -8.298953274005730837e-03 1.450852489325676637e-03 -1.309298016666964742e-02 -3.013914418794272289e-04 -7.418449593830376068e-03 3.939076604496752690e-03 -8.298953274005730837e-03 8.252881626615025598e-03 1.599176827096005730e-03 -1.297536779810549122e-02 3.939076604496752690e-03 -1.390580133628263083e-02 -1.297536779810549122e-02 -3.952621707645475116e-03 -1.003091053275118917e-02 7.367887068927800147e-03 -6.309390671401337962e-03 1.599176827096005730e-03 1.996908918805992590e-03 -8.298953274005730837e-03 -4.008423690394957023e-03 -1.297536779810549122e-02 -6.309390671401337962e-03 -1.297536779810549122e-02 -1.297536779810549122e-02 -1.309298016666964742e-02 -1.297536779810549122e-02 -9.447996389850790711e-03 1.996908918805992590e-03 -4.221838818329112265e-03 -1.309298016666964742e-02 7.367887068927800147e-03 -1.003091053275118917e-02 -1.297536779810549122e-02 3.939076604496752690e-03 -7.418449593830376068e-03 8.252881626615025598e-03 -9.447996389850790711e-03 -4.221838818329112265e-03 -9.447996389850790711e-03 -4.008423690394957023e-03 3.939076604496752690e-03 -4.008423690394957023e-03 1.450852489325676637e-03 -9.447996389850790711e-03 -3.013914418794272289e-04 3.939076604496752690e-03 -1.390580133628263083e-02 -3.013914418794272289e-04 1.996908918805992590e-03 -4.221838818329112265e-03 -8.298953274005730837e-03 -7.418449593830376068e-03 3.939076604496752690e-03 -1.003091053275118917e-02 -1.297536779810549122e-02 -4.008423690394957023e-03 3.939076604496752690e-03 -1.309298016666964742e-02 -1.390580133628263083e-02 1.450852489325676637e-03 1.450852489325676637e-03 -1.309298016666964742e-02 -6.309390671401337962e-03 3.939076604496752690e-03 -9.447996389850790711e-03 -4.008423690394957023e-03 8.252881626615025598e-03 -1.297536779810549122e-02 -1.309298016666964742e-02 -8.298953274005730837e-03 -1.064002693339948652e-02 -7.418449593830376068e-03 -3.013914418794272289e-04 -9.447996389850790711e-03 -3.013914418794272289e-04 -8.298953274005730837e-03 1.450852489325676637e-03 -4.221838818329112265e-03 -1.003091053275118917e-02 -8.298953274005730837e-03 -4.221838818329112265e-03 -8.298953274005730837e-03 -3.952621707645475116e-03 -1.003091053275118917e-02 -1.064002693339948652e-02 -4.008423690394957023e-03 -6.309390671401337962e-03
1.996908918805992590e-03 -1.064002693339948652e-02 -1.297536779810549122e-02 -1.003091053275118917e-02 -7.418449593830376068e-03 -6.309390671401337962e-03 -3.013914418794272289e-04 -3.952621707645475116e-03 -9.447996389850790711e-03 -5.930333114261146857e-03 1.599176827096005730e-03 1.450852489325676637e-03 -6.309390671401337962e-03 8.252881626615025598e-03 -1.297536779810549122e-02 3.939076604496752690e-03 -5.930333114261146857e-03 -6.309390671401337962e-03 -1.003091053275118917e-02 -8.298953274005730837e-03 -1.309298016666964742e-02 -3.952621707645475116e-03 3.939076604496752690e-03 -7.418449593830376068e-03 -7.418449593830376068e-03 -9.447996389850790711e-03 -5.930333114261146857e-03 3.939076604496752690e-03 -1.297536779810549122e-02 7.367887068927800147e-03 -6.309390671401337962e-03 -1.064002693339948652e-02 -1.390580133628263083e-02 -1.297536779810549122e-02 8.252881626615025598e-03 -3.013914418794272289e-04 1.450852489325676637e-03 1.996908918805992590e-03 -1.297536779810549122e-02 -1.297536779810549122e-02 -1.297536779810549122e-02 -1.003091053275118917e-02 7.367887068927800147e-03 -3.013914418794272289e-04 -1.309298016666964742e-02 1.599176827096005730e-03 1.599176827096005730e-03 -4.221838818329112265e-03 -5.930333114261146857e-03 -5.930333114261146857e-03 -5.930333114261146857e-03 1.599176827096005730e-03 -1.309298016666964742e-02 -3.952621707645475116e-03 -4.221838818329112265e-03 -9.447996389850790711e-03 -1.003091053275118917e-02 1.996908918805992590e-03 -3.013914418794272289e-04 -6.309390671401337962e-03 -3.952621707645475116e-03 8.252881626615025598e-03 -1.297536779810549122e-02 -8.298953274005730837e-03 -1.309298016666964742e-02 -1.064002693339948652e-02 -9.447996389850790711e-03 -1.297536779810549122e-02 1.996908918805992590e-03 7.367887068927800147e-03 1.996908918805992590e-03 -1.297536779810549122e-02 -9.447996389850790711e-03 -4.221838818329112265e-03 7.367887068927800147e-03 -1.309298016666964742e-02 1.450852489325676637e-03 -1.390580133628263083e-02 -8.298953274005730837e-03 1.599176827096005730e-03 7.367887068927800147e-03 -1.064002693339948652e-02 -9.447996389850790711e-03 -1.297536779810549122e-02 -4.221838818329112265e-03 -7.418449593830376068e-03 1.996908918805992590e-03 -8.298953274005730837e-03 -1.390580133628263083e-02 -1.309298016666964742e-02 8.252881626615025598e-03 -7.418449593830376068e-03 -6.309390671401337962e-03 1.599176827096005730e-03 -9.447996389850790711e-03 1.996908918805992590e-03 8.252881626615025598e-03 -8.298953274005730837e-03 -3.013914418794272289e-04 -6.309390671401337962e-03 -1.003091053275118917e-02 -8.298953274005730837e-03 -9.447996389850790711e-03 -5.930333114261146857e-03 -5.930333114261146857e-03 1.450852489325676637e-03 1.450852489325676637e-03 7.367887068927800147e-03 -3.952621707645475116e-03 -3.013914418794272289e-04 1.450852489325676637e-03 -8.298953274005730837e-03 -5.930333114261146857e-03 -5.930333114261146857e-03 1.996908918805992590e-03 1.450852489325676637e-03 -1.297536779810549122e-02 -5.930333114261146857e-03 -3.013914418794272289e-04 1.450852489325676637e-03 -6.309390671401337962e-03 -8.298953274005730837e-03 8.252881626615025598e-03 -7.418449593830376068e-03 8.252881626615025598e-03 -1.003091053275118917e-02 -1.297536779810549122e-02 -1.390580133628263083e-02 -7.418449593830376068e-03 -1.297536779810549122e-02 -8.298953274005730837e-03 -5.930333114261146857e-03 -1.003091053275118917e-02 -8.298953274005730837e-03 8.252881626615025598e-03 1.599176827096005730e-03 -1.390580133628263083e-02 -6.309390671401337962e-03 -8.298953274005730837e-03 -1.309298016666964742e-02 -1.064002693339948652e-02 -1.003091053275118917e-02 -7.418449593830376068e-03 7.367887068927800147e-03 -8.298953274005730837e-03 -8.298953274005730837e-03 -8.298953274005730837e-03 -8.298953274005730837e-03 -1.390580133628263083e-02 -1.309298016666964742e-02 1.450852489325676637e-03 -1.003091053275118917e-02 -3.013914418794272289e-04 -4.008423690394957023e-03 -1.297536779810549122e-02 -1.003091053275118917e-02 -4.008423690394957023e-03 -9.447996389850790711e-03 -4.008423690394957023e-03 -3.013914418794272289e-04 7.367887068927800147e-03 -6.309390671401337962e-03 -7.418449593830376068e-03 -1.297536779810549122e-02 7.367887068927800147e-03 -1.064002693339948652e-02 -4.221838818329112265e-03 -1.003091053275118917e-02 -1.390580133628263083e-02 1.450852489325676637e-03 -3.013914418794272289e-04 7.367887068927800147e-03 -1.064002693339948652e-02 -3.952621707645475116e-03 -3.013914418794272289e-04 -1.297536779810549122e-02 -6.309390671401337962e-03 1.996908918805992590e-03 -5.930333114261146857e-03 -8.298953274005730837e-03 1.450852489325676637e-03 -3.952621707645475116e-03 1.996908918805992590e-03 -8.298953274005730837e-03 -9.447996389850790711e-03 -4.008423690394957023e-03 -6.309390671401337962e-03 1.996908918805992590e-03 -1.064002693339948652e-02 1.599176827096005730e-03 -1.064002693339948652e-02 -1.297536779810549122e-02 -1.309298016666964742e-02 3.939076604496752690e-03 -4.221838818329112265e-03 1.450852489325676637e-03 8.252881626615025598e-03 -5.930333114261146857e-03 1.450852489325676637e-03 3.939076604496752690e-03 -1.003091053275118917e-02 -8.298953274005730837e-03 -7.418449593830376068e-03 3.939076604496752690e-03 1.450852489325676637e-03 -4.008423690394957023e-03 -1.390580133628263083e-02 -1.390580133628263083e-02 -1.297536779810549122e-02 -3.013914418794272289e-04 -5.930333114261146857e-03 -9.447996389850790711e-03 -8.298953274005730837e-03 1.450852489325676637e-03 -1.309298016666964742e-02 -3.013914418794272289e-04 -7.418449593830376068e-03 3.939076604496752690e-03 -8.298953274005730837e-03 8.252881626615025598e-03 1.599176827096005730e-03 -1.297536779810549122e-02 3.939076604496752690e-03 -1.390580133628263083e-02 -1.297536779810549122e-02 -3.952621707645475116e-03 -1.003091053275118917e-02 7.367887068927800147e-03 -6.309390671401337962e-03 1.599176827096005730e-03 1.996908918805992590e-03 -8.298953274005730837e-03 -4.008423690394957023e-03 -1.297536779810549122e-02 -6.309390671401337962e-03 -1.297536779810549122e-02 -1.297536779810549122e-02 -1.309298016666964742e-02 -1.297536779810549122e-02 -9.447996389850790711e-03 1.996908918805992590e-03 -4.221838818329112265e-03 -1.309298016666964742e-02 7.367887068927800147e-03 -1.003091053275118917e-02 -1.297536779810549122e-02 3.939076604496752690e-03 -7.418449593830376068e-03 8.252881626615025598e-03 -9.447996389850790711e-03 -4.221838818329112265e-03 -9.447996389850790711e-03 -4.008423690394957023e-03 3.939076604496752690e-03 -4.008423690394957023e-03 1.450852489325676637e-03 -9.447996389850790711e-03 -3.013914418794272289e-04 3.939076604496752690e-03 -1.390580133628263083e-02 -3.013914418794272289e-04 1.996908918805992590e-03 -4.221838818329112265e-03 -8.298953274005730837e-03 -7.418449593830376068e-03 3.939076604496752690e-03 -1.003091053275118917e-02 -1.297536779810549122e-02 -4.008423690394957023e-03 3.939076604496752690e-03 -1.309298016666964742e-02 -1.390580133628263083e-02 1.450852489325676637e-03 1.450852489325676637e-03 -1.309298016666964742e-02 -6.309390671401337962e-03 3.939076604496752690e-03 -9.447996389850790711e-03 -4.008423690394957023e-03 8.252881626615025598e-03 -1.297536779810549122e-02 -1.309298016666964742e-02 -8.298953274005730837e-03 -1.064002693339948652e-02 -7.418449593830376068e-03 -3.013914418794272289e-04 -9.447996389850790711e-03 -3.013914418794272289e-04 -8.298953274005730837e-03 1.450852489325676637e-03 -4.221838818329112265e-03 -1.003091053275118917e-02 -8.298953274005730837e-03 -4.221838818329112265e-03 -8.298953274005730837e-03 -3.952621707645475116e-03 -1.003091053275118917e-02 -1.064002693339948652e-02 -4.008423690394957023e-03 -6.309390671401337962e-03
1.996908918805992590e-03 -1.064002693339948652e-02 -1.297536779810549122e-02 -1.003091053275118917e-02 -7.418449593830376068e-03 -6.309390671401337962e-03 -3.013914418794272289e-04 -3.952621707645475116e-03 -9.447996389850790711e-03 -5.930333114261146857e-03 1.599176827096005730e-03 1.450852489325676637e-03 -6.309390671401337962e-03 8.252881626615025598e-03 -1.297536779810549122e-02 3.939076604496752690e-03 -5.930333114261146857e-03 -6.309390671401337962e-03 -1.003091053275118917e-02 -8.298953274005730837e-03 -1.309298016666964742e-02 -3.952621707645475116e-03 3.939076604496752690e-03 -7.418449593830376068e-03 -7.418449593830376068e-03 -9.447996389850790711e-03 -5.930333114261146857e-03 3.939076604496752690e-03 -1.297536779810549122e-02 7.367887068927800147e-03 -6.309390671401337962e-03 -1.064002693339948652e-02 -1.390580133628263083e-02 -1.297536779810549122e-02 8.252881626615025598e-03 -3.013914418794272289e-04 1.450852489325676637e-03 1.996908918805992590e-03 -1.297536779810549122e-02 -1.297536779810549122e-02 -1.297536779810549122e-02 -1.003091053275118917e-02 7.367887068927800147e-03 -3.013914418794272289e-04 -1.309298016666964742e-02 1.599176827096005730e-03 1.599176827096005730e-03 -4.221838818329112265e-03 -5.930333114261146857e-03 -5.930333114261146857e-03 -5.930333114261146857e-03 1.599176827096005730e-03 -1.309298016666964742e-02 -3.952621707645475116e-03 -4.221838818329112265e-03 -9.447996389850790711e-03 -1.003091053275118917e-02 1.996908918805992590e-03 -3.013914418794272289e-04 -6.309390671401337962e-03 -3.952621707645475116e-03 8.252881626615025598e-03 -1.297536779810549122e-02 -8.298953274005730837e-03 -1.309298016666964742e-02 -1.064002693339948652e-02 -9.447996389850790711e-03 -1.297536779810549122e-02 1.996908918805992590e-03 7.367887068927800147e-03 1.996908918805992590e-03 -1.297536779810549122e-02 -9.447996389850790711e-03 -4.221838818329112265e-03 7.367887068927800147e-03 -1.309298016666964742e-02 1.450852489325676637e-03 -1.390580133628263083e-02 -8.298953274005730837e-03 1.599176827096005730e-03 7.367887068927800147e-03 -1.064002693339948652e-02 -9.447996389850790711e-03 -1.297536779810549122e-02 -4.221838818329112265e-03 -7.418449593830376068e-03 1.996908918805992590e-03 -8.298953274005730837e-03 -1.390580133628263083e-02 -1.309298016666964742e-02 8.252881626615025598e-03 -7.418449593830376068e-03 -6.309390671401337962e-03 1.599176827096005730e-03 -9.447996389850790711e-03 1.996908918805992590e-03 8.252881626615025598e-03 -8.298953274005730837e-03 -3.013914418794272289e-04 -6.309390671401337962e-03 -1.003091053275118917e-02 -8.298953274005730837e-03 -9.447996389850790711e-03 -5.930333114261146857e-03 -5.930333114261146857e-03 1.450852489325676637e-03 1.450852489325676637e-03 7.367887068927800147e-03 -3.952621707645475116e-03 -3.013914418794272289e-04 1.450852489325676637e-03 -8.298953274005730837e-03 -5.930333114261146857e-03 -5.930333114261146857e-03 1.996908918805992590e-03 1.450852489325676637e-03 -1.297536779810549122e-02 -5.930333114261146857e-03 -3.013914418794272289e-04 1.450852489325676637e-03 -6.309390671401337962e-03 -8.298953274005730837e-03 8.252881626615025598e-03 -7.418449593830376068e-03 8.252881626615025598e-03 -1.003091053275118917e-02 -1.297536779810549122e-02 -1.390580133628263083e-02 -7.418449593830376068e-03 -1.297536779810549122e-02 -8.298953274005730837e-03 -5.930333114261146857e-03 -1.003091053275118917e-02 -8.298953274005730837e-03 8.252881626615025598e-03 1.599176827096005730e-03 -1.390580133628263083e-02 -6.309390671401337962e-03 -8.298953274005730837e-03 -1.309298016666964742e-02 -1.064002693339948652e-02 -1.003091053275118917e-02 -7.418449593830376068e-03 7.367887068927800147e-03 -8.298953274005730837e-03 -8.298953274005730837e-03 -8.298953274005730837e-03 -8.298953274005730837e-03 -1.390580133628263083e-02 -1.309298016666964742e-02 1.450852489325676637e-03 -1.003091053275118917e-02 -3.013914418794272289e-04 -4.008423690394957023e-03 -1.297536779810549122e-02 -1.003091053275118917e-02 -4.008423690394957023e-03 -9.447996389850790711e-03 -4.008423690394957023e-03 -3.013914418794272289e-04 7.367887068927800147e-03 -6.309390671401337962e-03 -7.418449593830376068e-03 -1.297536779810549122e-02 7.367887068927800147e-03 -1.064002693339948652e-02 -4.221838818329112265e-03 -1.003091053275118917e-02 -1.390580133628263083e-02 1.450852489325676637e-03 -3.013914418794272289e-04 7.367887068927800147e-03 -1.064002693339948652e-02 -3.952621707645475116e-03 -3.013914418794272289e-04 -1.297536779810549122e-02 -6.309390671401337962e-03 1.996908918805992590e-03 -5.930333114261146857e-03 -8.298953274005730837e-03 1.450852489325676637e-03 -3.952621707645475116e-03 1.996908918805992590e-03 -8.298953274005730837e-03 -9.447996389850790711e-03 -4.008423690394957023e-03 -6.309390671401337962e-03 1.996908918805992590e-03 -1.064002693339948652e-02 1.599176827096005730e-03 -1.064002693339948652e-02 -1.297536779810549122e-02 -1.309298016666964742e-02 3.939076604496752690e-03 -4.221838818329112265e-03 1.450852489325676637e-03 8.252881626615025598e-03 -5.930333114261146857e-03 1.450852489325676637e-03 3.939076604496752690e-03 -1.003091053275118917e-02 -8.298953274005730837e-03 -7.418449593830376068e-03 3.939076604496752690e-03 1.450852489325676637e-03 -4.008423690394957023e-03 -1.390580133628263083e-02 -1.390580133628263083e-02 -1.297536779810549122e-02 -3.013914418794272289e-04 -5.930333114261146857e-03 -9.447996389850790711e-03 -8.298953274005730837e-03 1.450852489325676637e-03 -1.309298016666964742e-02 -3.013914418794272289e-04 -7.418449593830376068e-03 3.939076604496752690e-03 -8.298953274005730837e-03 8.252881626615025598e-03 1.599176827096005730e-03 -1.297536779810549122e-02 3.939076604496752690e-03 -1.390580133628263083e-02 -1.297536779810549122e-02 -3.952621707645475116e-03 -1.003091053275118917e-02 7.367887068927800147e-03 -6.309390671401337962e-03 1.599176827096005730e-03 1.996908918805992590e-03 -8.298953274005730837e-03 -4.008423690394957023e-03 -1.297536779810549122e-02 -6.309390671401337962e-03 -1.297536779810549122e-02 -1.297536779810549122e-02 -1.309298016666964742e-02 -1.297536779810549122e-02 -9.447996389850790711e-03 1.996908918805992590e-03 -4.221838818329112265e-03 -1.309298016666964742e-02 7.367887068927800147e-03 -1.003091053275118917e-02 -1.297536779810549122e-02 3.939076604496752690e-03 -7.418449593830376068e-03 8.252881626615025598e-03 -9.447996389850790711e-03 -4.221838818329112265e-03 -9.447996389850790711e-03 -4.008423690394957023e-03 3.939076604496752690e-03 -4.008423690394957023e-03 1.450852489325676637e-03 -9.447996389850790711e-03 -3.013914418794272289e-04 3.939076604496752690e-03 -1.390580133628263083e-02 -3.013914418794272289e-04 1.996908918805992590e-03 -4.221838818329112265e-03 -8.298953274005730837e-03 -7.418449593830376068e-03 3.939076604496752690e-03 -1.003091053275118917e-02 -1.297536779810549122e-02 -4.008423690394957023e-03 3.939076604496752690e-03 -1.309298016666964742e-02 -1.390580133628263083e-02 1.450852489325676637e-03 1.450852489325676637e-03 -1.309298016666964742e-02 -6.309390671401337962e-03 3.939076604496752690e-03 -9.447996389850790711e-03 -4.008423690394957023e-03 8.252881626615025598e-03 -1.297536779810549122e-02 -1.309298016666964742e-02 -8.298953274005730837e-03 -1.064002693339948652e-02 -7.418449593830376068e-03 -3.013914418794272289e-04 -9.447996389850790711e-03 -3.013914418794272289e-04 -8.298953274005730837e-03 1.450852489325676637e-03 -4.221838818329112265e-03 -1.003091053275118917e-02 -8.298953274005730837e-03 -4.221838818329112265e-03 -8.298953274005730837e-03 -3.952621707645475116e-03 -1.003091053275118917e-02 -1.064002693339948652e-02 -4.008423690394957023e-03 -6.309390671401337962e-03
1.996908918805992590e-03 -1.064002693339948652e-02 -1.297536779810549122e-02 -1.003091053275118917e-02 -7.418449593830376068e-03 -6.309390671401337962e-03 -3.013914418794272289e-04 -3.952621707645475116e-03 -9.447996389850790711e-03 -5.930333114261146857e-03 1.599176827096005730e-03 1.450852489325676637e-03 -6.309390671401337962e-03 8.252881626615025598e-03 -1.297536779810549122e-02 3.939076604496752690e-03 -5.930333114261146857e-03 -6.309390671401337962e-03 -1.003091053275118917e-02 -8.298953274005730837e-03 -1.309298016666964742e-02 -3.952621707645475116e-03 3.939076604496752690e-03 -7.418449593830376068e-03 -7.418449593830376068e-03 -9.447996389850790711e-03 -5.930333114261146857e-03 3.939076604496752690e-03 -1.297536779810549122e-02 7.367887068927800147e-03 -6.309390671401337962e-03 -1.064002693339948652e-02 -1.390580133628263083e-02 -1.297536779810549122e-02 8.252881626615025598e-03 -3.013914418794272289e-04 1.450852489325676637e-03 1.996908918805992590e-03 -1.297536779810549122e-02 -1.297536779810549122e-02 -1.297536779810549122e-02 -1.003091053275118917e-02 7.367887068927800147e-03 -3.013914418794272289e-04 -1.309298016666964742e-02 1.599176827096005730e-03 1.599176827096005730e-03 -4.221838818329112265e-03 -5.930333114261146857e-03 -5.930333114261146857e-03 -5.930333114261146857e-03 1.599176827096005730e-03 -1.309298016666964742e-02 -3.952621707645475116e-03 -4.221838818329112265e-03 -9.447996389850790711e-03 -1.003091053275118917e-02 1.996908918805992590e-03 -3.013914418794272289e-04 -6.309390671401337962e-03 -3.952621707645475116e-03 8.252881626615025598e-03 -1.297536779810549122e-02 -8.298953274005730837e-03 -1.309298016666964742e-02 -1.064002693339948652e-02 -9.447996389850790711e-03 -1.297536779810549122e-02 1.996908918805992590e-03 7.367887068927800147e-03 1.996908918805992590e-03 -1.297536779810549122e-02 -9.447996389850790711e-03 -4.221838818329112265e-03 7.367887068927800147e-03 -1.309298016666964742e-02 1.450852489325676637e-03 -1.390580133628263083e-02 -8.298953274005730837e-03 1.599176827096005730e-03 7.367887068927800147e-03 -1.064002693339948652e-02 -9.447996389850790711e-03 -1.297536779810549122e-02 -4.221838818329112265e-03 -7.418449593830376068e-03 1.996908918805992590e-03 -8.298953274005730837e-03 -1.390580133628263083e-02 -1.309298016666964742e-02 8.252881626615025598e-03 -7.418449593830376068e-03 -6.309390671401337962e-03 1.599176827096005730e-03 -9.447996389850790711e-03 1.996908918805992590e-03 8.252881626615025598e-03 -8.298953274005730837e-03 -3.013914418794272289e-04 -6.309390671401337962e-03 -1.003091053275118917e-02 -8.298953274005730837e-03 -9.447996389850790711e-03 -5.930333114261146857e-03 -5.930333114261146857e-03 1.450852489325676637e-03 1.450852489325676637e-03 7.367887068927800147e-03 -3.952621707645475116e-03 -3.013914418794272289e-04 1.450852489325676637e-03 -8.298953274005730837e-03 -5.930333114261146857e-03 -5.930333114261146857e-03 1.996908918805992590e-03 1.450852489325676637e-03 -1.297536779810549122e-02 -5.930333114261146857e-03 -3.013914418794272289e-04 1.450852489325676637e-03 -6.309390671401337962e-03 -8.298953274005730837e-03 8.252881626615025598e-03 -7.418449593830376068e-03 8.252881626615025598e-03 -1.003091053275118917e-02 -1.297536779810549122e-02 -1.390580133628263083e-02 -7.418449593830376068e-03 -1.297536779810549122e-02 -8.298953274005730837e-03 -5.930333114261146857e-03 -1.003091053275118917e-02 -8.298953274005730837e-03 8.252881626615025598e-03 1.599176827096005730e-03 -1.390580133628263083e-02 -6.309390671401337962e-03 -8.298953274005730837e-03 -1.309298016666964742e-02 -1.064002693339948652e-02 -1.003091053275118917e-02 -7.418449593830376068e-03 7.367887068927800147e-03 -8.298953274005730837e-03 -8.298953274005730837e-03 -8.298953274005730837e-03 -8.298953274005730837e-03 -1.390580133628263083e-02 -1.309298016666964742e-02 1.450852489325676637e-03 -1.003091053275118917e-02 -3.013914418794272289e-04 -4.008423690394957023e-03 -1.297536779810549122e-02 -1.003091053275118917e-02 -4.008423690394957023e-03 -9.447996389850790711e-03 -4.008423690394957023e-03 -3.013914418794272289e-04 7.367887068927800147e-03 -6.309390671401337962e-03 -7.418449593830376068e-03 -1.297536779810549122e-02 7.367887068927800147e-03 -1.064002693339948652e-02 -4.221838818329112265e-03 -1.003091053275118917e-02 -1.390580133628263083e-02 1.450852489325676637e-03 -3.013914418794272289e-04 7.367887068927800147e-03 -1.064002693339948652e-02 -3.952621707645475116e-03 -3.013914418794272289e-04 -1.297536779810549122e-02 -6.309390671401337962e-03 1.996908918805992590e-03 -5.930333114261146857e-03 -8.298953274005730837e-03 1.450852489325676637e-03 -3.952621707645475116e-03 1.996908918805992590e-03 -8.298953274005730837e-03 -9.447996389850790711e-03 -4.008423690394957023e-03 -6.309390671401337962e-03 1.996908918805992590e-03 -1.064002693339948652e-02 1.599176827096005730e-03 -1.064002693339948652e-02 -1.297536779810549122e-02 -1.309298016666964742e-02 3.939076604496752690e-03 -4.221838818329112265e-03 1.450852489325676637e-03 8.252881626615025598e-03 -5.930333114261146857e-03 1.450852489325676637e-03 3.939076604496752690e-03 -1.003091053275118917e-02 -8.298953274005730837e-03 -7.418449593830376068e-03 3.939076604496752690e-03 1.450852489325676637e-03 -4.008423690394957023e-03 -1.390580133628263083e-02 -1.390580133628263083e-02 -1.297536779810549122e-02 -3.013914418794272289e-04 -5.930333114261146857e-03 -9.447996389850790711e-03 -8.298953274005730837e-03 1.450852489325676637e-03 -1.309298016666964742e-02 -3.013914418794272289e-04 -7.418449593830376068e-03 3.939076604496752690e-03 -8.298953274005730837e-03 8.252881626615025598e-03 1.599176827096005730e-03 -1.297536779810549122e-02 3.939076604496752690e-03 -1.390580133628263083e-02 -1.297536779810549122e-02 -3.952621707645475116e-03 -1.003091053275118917e-02 7.367887068927800147e-03 -6.309390671401337962e-03 1.599176827096005730e-03 1.996908918805992590e-03 -8.298953274005730837e-03 -4.008423690394957023e-03 -1.297536779810549122e-02 -6.309390671401337962e-03 -1.297536779810549122e-02 -1.297536779810549122e-02 -1.309298016666964742e-02 -1.297536779810549122e-02 -9.447996389850790711e-03 1.996908918805992590e-03 -4.221838818329112265e-03 -1.309298016666964742e-02 7.367887068927800147e-03 -1.003091053275118917e-02 -1.297536779810549122e-02 3.939076604496752690e-03 -7.418449593830376068e-03 8.252881626615025598e-03 -9.447996389850790711e-03 -4.221838818329112265e-03 -9.447996389850790711e-03 -4.008423690394957023e-03 3.939076604496752690e-03 -4.008423690394957023e-03 1.450852489325676637e-03 -9.447996389850790711e-03 -3.013914418794272289e-04 3.939076604496752690e-03 -1.390580133628263083e-02 -3.013914418794272289e-04 1.996908918805992590e-03 -4.221838818329112265e-03 -8.298953274005730837e-03 -7.418449593830376068e-03 3.939076604496752690e-03 -1.003091053275118917e-02 -1.297536779810549122e-02 -4.008423690394957023e-03 3.939076604496752690e-03 -1.309298016666964742e-02 -1.390580133628263083e-02 1.450852489325676637e-03 1.450852489325676637e-03 -1.309298016666964742e-02 -6.309390671401337962e-03 3.939076604496752690e-03 -9.447996389850790711e-03 -4.008423690394957023e-03 8.252881626615025598e-03 -1.297536779810549122e-02 -1.309298016666964742e-02 -8.298953274005730837e-03 -1.064002693339948652e-02 -7.418449593830376068e-03 -3.013914418794272289e-04 -9.447996389850790711e-03 -3.013914418794272289e-04 -8.298953274005730837e-03 1.450852489325676637e-03 -4.221838818329112265e-03 -1.003091053275118917e-02 -8.298953274005730837e-03 -4.221838818329112265e-03 -8.298953274005730837e-03 -3.952621707645475116e-03 -1.003091053275118917e-02 -1.064002693339948652e-02 -4.008423690394957023e-03 -6.309390671401337962e-03
1.996908918805992590e-03 -1.064002693339948652e-02 -1.297536779810549122e-02 -1.003091053275118917e-02 -7.418449593830376068e-03 -6.309390671401337962e-03 -3.013914418794272289e-04 -3.952621707645475116e-03 -9.447996389850790711e-03 -5.930333114261146857e-03 1.599176827096005730e-03 1.450852489325676637e-03 -6.309390671401337962e-03 8.252881626615025598e-03 -1.297536779810549122e-02 3.939076604496752690e-03 -5.930333114261146857e-03 -6.309390671401337962e-03 -1.003091053275118917e-02 -8.298953274005730837e-03 -1.309298016666964742e-02 -3.952621707645475116e-03 3.939076604496752690e-03 -7.418449593830376068e-03 -7.418449593830376068e-03 -9.447996389850790711e-03 -5.930333114261146857e-03 3.939076604496752690e-03 -1.297536779810549122e-02 7.367887068927800147e-03 -6.309390671401337962e-03 -1.064002693339948652e-02 -1.390580133628263083e-02 -1.297536779810549122e-02 8.252881626615025598e-03 -3.013914418794272289e-04 1.450852489325676637e-03 1.996908918805992590e-03 -1.297536779810549122e-02 -1.297536779810549122e-02 -1.297536779810549122e-02 -1.003091053275118917e-02 7.367887068927800147e-03 -3.013914418794272289e-04 -1.309298016666964742e-02 1.599176827096005730e-03 1.599176827096005730e-03 -4.221838818329112265e-03 -5.930333114261146857e-03 -5.930333114261146857e-03 -5.930333114261146857e-03 1.599176827096005730e-03 -1.309298016666964742e-02 -3.952621707645475116e-03 -4.221838818329112265e-03 -9.447996389850790711e-03 -1.003091053275118917e-02 1.996908918805992590e-03 -3.013914418794272289e-04 -6.309390671401337962e-03 -3.952621707645475116e-03 8.252881626615025598e-03 -1.297536779810549122e-02 -8.298953274005730837e-03 -1.309298016666964742e-02 -1.064002693339948652e-02 -9.447996389850790711e-03 -1.297536779810549122e-02 1.996908918805992590e-03 7.367887068927800147e-03 1.996908918805992590e-03 -1.297536779810549122e-02 -9.447996389850790711e-03 -4.221838818329112265e-03 7.367887068927800147e-03 -1.309298016666964742e-02 1.450852489325676637e-03 -1.390580133628263083e-02 -8.298953274005730837e-03 1.599176827096005730e-03 7.367887068927800147e-03 -1.064002693339948652e-02 -9.447996389850790711e-03 -1.297536779810549122e-02 -4.221838818329112265e-03 -7.418449593830376068e-03 1.996908918805992590e-03 -8.298953274005730837e-03 -1.390580133628263083e-02 -1.309298016666964742e-02 8.252881626615025598e-03 -7.418449593830376068e-03 -6.309390671401337962e-03 1.599176827096005730e-03 -9.447996389850790711e-03 1.996908918805992590e-03 8.252881626615025598e-03 -8.298953274005730837e-03 -3.013914418794272289e-04 -6.309390671401337962e-03 -1.003091053275118917e-02 -8.298953274005730837e-03 -9.447996389850790711e-03 -5.930333114261146857e-03 -5.930333114261146857e-03 1.450852489325676637e-03 1.450852489325676637e-03 7.367887068927800147e-03 -3.952621707645475116e-03 -3.013914418794272289e-04 1.450852489325676637e-03 -8.298953274005730837e-03 -5.930333114261146857e-03 -5.930333114261146857e-03 1.996908918805992590e-03 1.450852489325676637e-03 -1.297536779810549122e-02 -5.930333114261146857e-03 -3.013914418794272289e-04 1.450852489325676637e-03 -6.309390671401337962e-03 -8.298953274005730837e-03 8.252881626615025598e-03 -7.418449593830376068e-03 8.252881626615025598e-03 -1.003091053275118917e-02 -1.297536779810549122e-02 -1.390580133628263083e-02 -7.418449593830376068e-03 -1.297536779810549122e-02 -8.298953274005730837e-03 -5.930333114261146857e-03 -1.003091053275118917e-02 -8.298953274005730837e-03 8.252881626615025598e-03 1.599176827096005730e-03 -1.390580133628263083e-02 -6.309390671401337962e-03 -8.298953274005730837e-03 -1.309298016666964742e-02 -1.064002693339948652e-02 -1.003091053275118917e-02 -7.418449593830376068e-03 7.367887068927800147e-03 -8.298953274005730837e-03 -8.298953274005730837e-03 -8.298953274005730837e-03 -8.298953274005730837e-03 -1.390580133628263083e-02 -1.309298016666964742e-02 1.450852489325676637e-03 -1.003091053275118917e-02 -3.013914418794272289e-04 -4.008423690394957023e-03 -1.297536779810549122e-02 -1.003091053275118917e-02 -4.008423690394957023e-03 -9.447996389850790711e-03 -4.008423690394957023e-03 -3.013914418794272289e-04 7.367887068927800147e-03 -6.309390671401337962e-03 -7.418449593830376068e-03 -1.297536779810549122e-02 7.367887068927800147e-03 -1.064002693339948652e-02 -4.221838818329112265e-03 -1.003091053275118917e-02 -1.390580133628263083e-02 1.450852489325676637e-03 -3.013914418794272289e-04 7.367887068927800147e-03 -1.064002693339948652e-02 -3.952621707645475116e-03 -3.013914418794272289e-04 -1.297536779810549122e-02 -6.309390671401337962e-03 1.996908918805992590e-03 -5.930333114261146857e-03 -8.298953274005730837e-03 1.450852489325676637e-03 -3.952621707645475116e-03 1.996908918805992590e-03 -8.298953274005730837e-03 -9.447996389850790711e-03 -4.008423690394957023e-03 -6.309390671401337962e-03 1.996908918805992590e-03 -1.064002693339948652e-02 1.599176827096005730e-03 -1.064002693339948652e-02 -1.297536779810549122e-02 -1.309298016666964742e-02 3.939076604496752690e-03 -4.221838818329112265e-03 1.450852489325676637e-03 8.252881626615025598e-03 -5.930333114261146857e-03 1.450852489325676637e-03 3.939076604496752690e-03 -1.003091053275118917e-02 -8.298953274005730837e-03 -7.418449593830376068e-03 3.939076604496752690e-03 1.450852489325676637e-03 -4.008423690394957023e-03 -1.390580133628263083e-02 -1.390580133628263083e-02 -1.297536779810549122e-02 -3.013914418794272289e-04 -5.930333114261146857e-03 -9.447996389850790711e-03 -8.298953274005730837e-03 1.450852489325676637e-03 -1.309298016666964742e-02 -3.013914418794272289e-04 -7.418449593830376068e-03 3.939076604496752690e-03 -8.298953274005730837e-03 8.252881626615025598e-03 1.599176827096005730e-03 -1.297536779810549122e-02 3.939076604496752690e-03 -1.390580133628263083e-02 -1.297536779810549122e-02 -3.952621707645475116e-03 -1.003091053275118917e-02 7.367887068927800147e-03 -6.309390671401337962e-03 1.599176827096005730e-03 1.996908918805992590e-03 -8.298953274005730837e-03 -4.008423690394957023e-03 -1.297536779810549122e-02 -6.309390671401337962e-03 -1.297536779810549122e-02 -1.297536779810549122e-02 -1.309298016666964742e-02 -1.297536779810549122e-02 -9.447996389850790711e-03 1.996908918805992590e-03 -4.221838818329112265e-03 -1.309298016666964742e-02 7.367887068927800147e-03 -1.003091053275118917e-02 -1.297536779810549122e-02 3.939076604496752690e-03 -7.418449593830376068e-03 8.252881626615025598e-03 -9.447996389850790711e-03 -4.221838818329112265e-03 -9.447996389850790711e-03 -4.008423690394957023e-03 3.939076604496752690e-03 -4.008423690394957023e-03 1.450852489325676637e-03 -9.447996389850790711e-03 -3.013914418794272289e-04 3.939076604496752690e-03 -1.390580133628263083e-02 -3.013914418794272289e-04 1.996908918805992590e-03 -4.221838818329112265e-03 -8.298953274005730837e-03 -7.418449593830376068e-03 3.939076604496752690e-03 -1.003091053275118917e-02 -1.297536779810549122e-02 -4.008423690394957023e-03 3.939076604496752690e-03 -1.309298016666964742e-02 -1.390580133628263083e-02 1.450852489325676637e-03 1.450852489325676637e-03 -1.309298016666964742e-02 -6.309390671401337962e-03 3.939076604496752690e-03 -9.447996389850790711e-03 -4.008423690394957023e-03 8.252881626615025598e-03 -1.297536779810549122e-02 -1.309298016666964742e-02 -8.298953274005730837e-03 -1.064002693339948652e-02 -7.418449593830376068e-03 -3.013914418794272289e-04 -9.447996389850790711e-03 -3.013914418794272289e-04 -8.298953274005730837e-03 1.450852489325676637e-03 -4.221838818329112265e-03 -1.003091053275118917e-02 -8.298953274005730837e-03 -4.221838818329112265e-03 -8.298953274005730837e-03 -3.952621707645475116e-03 -1.003091053275118917e-02 -1.064002693339948652e-02 -4.008423690394957023e-03 -6.309390671401337962e-03
9.572360089533925656e-03 -1.072931544038497687e-03 -9.352494617315710093e-03 -5.762714542654677648e-03 -6.657366691001289673e-03 -6.850015764213871969e-03 8.053088997286909217e-03 -7.724766736419716971e-03 -9.072722764212906577e-03 -3.505143719000665924e-03 1.897663770393825944e-03 6.512807599256941610e-03 -6.850015764213871969e-03 3.685304235451736157e-03 -9.352494617315710093e-03 -5.896890607242115867e-04 -3.505143719000665924e-03 -6.850015764213871969e-03 -5.762714542654677648e-03 -4.122276386787591777e-03 -1.141965083208209414e-02 -7.724766736419716971e-03 -5.896890607242115867e-04 -6.657366691001289673e-03 -6.657366691001289673e-03 -9.072722764212906577e-03 -3.505143719000665924e-03 -5.896890607242115867e-04 -9.352494617315710093e-03 3.792130641964661255e-05 -6.850015764213871969e-03 -1.072931544038497687e-03 -1.229176556679899973e-02 -9.352494617315710093e-03 3.685304235451736157e-03 8.053088997286909217e-03 6.512807599256941610e-03 9.572360089533925656e-03 -9.352494617315710093e-03 -9.352494617315710093e-03 -9.352494617315710093e-03 -5.762714542654677648e-03 3.792130641964661255e-05 8.053088997286909217e-03 -1.141965083208209414e-02 1.897663770393825944e-03 1.897663770393825944e-03 -6.585465774669676912e-03 -3.505143719000665924e-03 -3.505143719000665924e-03 -3.505143719000665924e-03 1.897663770393825944e-03 -1.141965083208209414e-02 -7.724766736419716971e-03 -6.585465774669676912e-03 -9.072722764212906577e-03 -5.762714542654677648e-03 9.572360089533925656e-03 8.053088997286909217e-03 -6.850015764213871969e-03 -7.724766736419716971e-03 3.685304235451736157e-03 -9.352494617315710093e-03 -4.122276386787591777e-03 -1.141965083208209414e-02 -1.072931544038497687e-03 -9.072722764212906577e-03 -9.352494617315710093e-03 9.572360089533925656e-03 3.792130641964661255e-05 9.572360089533925656e-03 -9.352494617315710093e-03 -9.072722764212906577e-03 -6.585465774669676912e-03 3.792130641964661255e-05 -1.141965083208209414e-02 6.512807599256941610e-03 -1.229176556679899973e-02 -4.122276386787591777e-03 1.897663770393825944e-03 3.792130641964661255e-05 -1.072931544038497687e-03 -9.072722764212906577e-03 -9.352494617315710093e-03 -6.585465774669676912e-03 -6.657366691001289673e-03 9.572360089533925656e-03 -4.122276386787591777e-03 -1.229176556679899973e-02 -1.141965083208209414e-02 3.685304235451736157e-03 -6.657366691001289673e-03 -6.850015764213871969e-03 1.897663770393825944e-03 -9.072722764212906577e-03 9.572360089533925656e-03 3.685304235451736157e-03 -4.122276386787591777e-03 8.053088997286909217e-03 -6.850015764213871969e-03 -5.762714542654677648e-03 -4.122276386787591777e-03 -9.072722764212906577e-03 -3.505143719000665924e-03 -3.505143719000665924e-03 6.512807599256941610e-03 6.512807599256941610e-03 3.792130641964661255e-05 -7.724766736419716971e-03 8.053088997286909217e-03 6.512807599256941610e-03 -4.122276386787591777e-03 -3.505143719000665924e-03 -3.505143719000665924e-03 9.572360089533925656e-03 6.512807599256941610e-03 -9.352494617315710093e-03 -3.505143719000665924e-03 8.053088997286909217e-03 6.512807599256941610e-03 -6.850015764213871969e-03 -4.122276386787591777e-03 3.685304235451736157e-03 -6.657366691001289673e-03 3.685304235451736157e-03 -5.762714542654677648e-03 -9.352494617315710093e-03 -1.229176556679899973e-02 -6.657366691001289673e-03 -9.352494617315710093e-03 -4.122276386787591777e-03 -3.505143719000665924e-03 -5.762714542654677648e-03 -4.122276386787591777e-03 3.685304235451736157e-03 1.897663770393825944e-03 -1.229176556679899973e-02 -6.850015764213871969e-03 -4.122276386787591777e-03 -1.141965083208209414e-02 -1.072931544038497687e-03 -5.762714542654677648e-03 -6.657366691001289673e-03 3.792130641964661255e-05 -4.122276386787591777e-03 -4.122276386787591777e-03 -4.122276386787591777e-03 -4.122276386787591777e-03 -1.229176556679899973e-02 -1.141965083208209414e-02 6.512807599256941610e-03 -5.762714542654677648e-03 8.053088997286909217e-03 1.315684583747128667e-03 -9.352494617315710093e-03 -5.762714542654677648e-03 1.315684583747128667e-03 -9.072722764212906577e-03 1.315684583747128667e-03 8.053088997286909217e-03 3.792130641964661255e-05 -6.850015764213871969e-03 -6.657366691001289673e-03 -9.352494617315710093e-03 3.792130641964661255e-05 -1.072931544038497687e-03 -6.585465774669676912e-03 -5.762714542654677648e-03 -1.229176556679899973e-02 6.512807599256941610e-03 8.053088997286909217e-03 3.792130641964661255e-05 -1.072931544038497687e-03 -7.724766736419716971e-03 8.053088997286909217e-03 -9.352494617315710093e-03 -6.850015764213871969e-03 9.572360089533925656e-03 -3.505143719000665924e-03 -4.122276386787591777e-03 6.512807599256941610e-03 -7.724766736419716971e-03 9.572360089533925656e-03 -4.122276386787591777e-03 -9.072722764212906577e-03 1.315684583747128667e-03 -6.850015764213871969e-03 9.572360089533925656e-03 -1.072931544038497687e-03 1.897663770393825944e-03 -1.072931544038497687e-03 -9.352494617315710093e-03 -1.141965083208209414e-02 -5.896890607242115867e-04 -6.585465774669676912e-03 6.512807599256941610e-03 3.685304235451736157e-03 -3.505143719000665924e-03 6.512807599256941610e-03 -5.896890607242115867e-04 -5.762714542654677648e-03 -4.122276386787591777e-03 -6.657366691001289673e-03 -5.896890607242115867e-04 6.512807599256941610e-03 1.315684583747128667e-03 -1.229176556679899973e-02 -1.229176556679899973e-02 -9.352494617315710093e-03 8.053088997286909217e-03 -3.505143719000665924e-03 -9.072722764212906577e-03 -4.122276386787591777e-03 6.512807599256941610e-03 -1.141965083208209414e-02 8.053088997286909217e-03 -6.657366691001289673e-03 -5.896890607242115867e-04 -4.122276386787591777e-03 3.685304235451736157e-03 1.897663770393825944e-03 -9.352494617315710093e-03 -5.896890607242115867e-04 -1.229176556679899973e-02 -9.352494617315710093e-03 -7.724766736419716971e-03 -5.762714542654677648e-03 3.792130641964661255e-05 -6.850015764213871969e-03 1.897663770393825944e-03 9.572360089533925656e-03 -4.122276386787591777e-03 1.315684583747128667e-03 -9.352494617315710093e-03 -6.850015764213871969e-03 -9.352494617315710093e-03 -9.352494617315710093e-03 -1.141965083208209414e-02 -9.352494617315710093e-03 -9.072722764212906577e-03 9.572360089533925656e-03 -6.585465774669676912e-03 -1.141965083208209414e-02 3.792130641964661255e-05 -5.762714542654677648e-03 -9.352494617315710093e-03 -5.896890607242115867e-04 -6.657366691001289673e-03 3.685304235451736157e-03 -9.072722764212906577e-03 -6.585465774669676912e-03 -9.072722764212906577e-03 1.315684583747128667e-03 -5.896890607242115867e-04 1.315684583747128667e-03 6.512807599256941610e-03 -9.072722764212906577e-03 8.053088997286909217e-03 -5.896890607242115867e-04 -1.229176556679899973e-02 8.053088997286909217e-03 9.572360089533925656e-03 -6.585465774669676912e-03 -4.122276386787591777e-03 -6.657366691001289673e-03 -5.896890607242115867e-04 -5.762714542654677648e-03 -9.352494617315710093e-03 1.315684583747128667e-03 -5.896890607242115867e-04 -1.141965083208209414e-02 -1.229176556679899973e-02 6.512807599256941610e-03 6.512807599256941610e-03 -1.141965083208209414e-02 -6.850015764213871969e-03 -5.896890607242115867e-04 -9.072722764212906577e-03 1.315684583747128667e-03 3.685304235451736157e-03 -9.352494617315710093e-03 -1.141965083208209414e-02 -4.122276386787591777e-03 -1.072931544038497687e-03 -6.657366691001289673e-03 8.053088997286909217e-03 -9.072722764212906577e-03 8.053088997286909217e-03 -4.122276386787591777e-03 6.512807599256941610e-03 -6.585465774669676912e-03 -5.762714542654677648e-03 -4.122276386787591777e-03 -6.585465774669676912e-03 -4.122276386787591777e-03 -7.724766736419716971e-03 -5.762714542654677648e-03 -1.072931544038497687e-03 1.315684583747128667e-03 -6.850015764213871969e-03
9.572360089533925656e-03 -1.072931544038497687e-03 -9.352494617315710093e-03 -5.762714542654677648e-03 -6.657366691001289673e-03 -6.850015764213871969e-03 8.053088997286909217e-03 -7.724766736419716971e-03 -9.072722764212906577e-03 -3.505143719000665924e-03 1.897663770393825944e-03 6.512807599256941610e-03 -6.850015764213871969e-03 3.685304235451736157e-03 -9.352494617315710093e-03 -5.896890607242115867e-04 -3.505143719000665924e-03 -6.850015764213871969e-03 -5.762714542654677648e-03 -4.122276386787591777e-03 -1.141965083208209414e-02 -7.724766736419716971e-03 -5.896890607242115867e-04 -6.657366691001289673e-03 -6.657366691001289673e-03 -9.072722764212906577e-03 -3.505143719000665924e-03 -5.896890607242115867e-04 -9.352494617315710093e-03 3.792130641964661255e-05 -6.850015764213871969e-03 -1.072931544038497687e-03 -1.229176556679899973e-02 -9.352494617315710093e-03 3.685304235451736157e-03 8.053088997286909217e-03 6.512807599256941610e-03 9.572360089533925656e-03 -9.352494617315710093e-03 -9.352494617315710093e-03 -9.352494617315710093e-03 -5.762714542654677648e-03 3.792130641964661255e-05 8.053088997286909217e-03 -1.141965083208209414e-02 1.897663770393825944e-03 1.897663770393825944e-03 -6.585465774669676912e-03 -3.505143719000665924e-03 -3.505143719000665924e-03 -3.505143719000665924e-03 1.897663770393825944e-03 -1.141965083208209414e-02 -7.724766736419716971e-03 -6.585465774669676912e-03 -9.072722764212906577e-03 -5.762714542654677648e-03 9.572360089533925656e-03 8.053088997286909217e-03 -6.850015764213871969e-03 -7.724766736419716971e-03 3.685304235451736157e-03 -9.352494617315710093e-03 -4.122276386787591777e-03 -1.141965083208209414e-02 -1.072931544038497687e-03 -9.072722764212906577e-03 -9.352494617315710093e-03 9.572360089533925656e-03 3.792130641964661255e-05 9.572360089533925656e-03 -9.352494617315710093e-03 -9.072722764212906577e-03 -6.585465774669676912e-03 3.792130641964661255e-05 -1.141965083208209414e-02 6.512807599256941610e-03 -1.229176556679899973e-02 -4.122276386787591777e-03 1.897663770393825944e-03 3.792130641964661255e-05 -1.072931544038497687e-03 -9.072722764212906577e-03 -9.352494617315710093e-03 -6.585465774669676912e-03 -6.657366691001289673e-03 9.572360089533925656e-03 -4.122276386787591777e-03 -1.229176556679899973e-02 -1.141965083208209414e-02 3.685304235451736157e-03 -6.657366691001289673e-03 -6.850015764213871969e-03 1.897663770393825944e-03 -9.072722764212906577e-03 9.572360089533925656e-03 3.685304235451736157e-03 -4.122276386787591777e-03 8.053088997286909217e-03 -6.850015764213871969e-03 -5.762714542654677648e-03 -4.122276386787591777e-03 -9.072722764212906577e-03 -3.505143719000665924e-03 -3.505143719000665924e-03 6.512807599256941610e-03 6.512807599256941610e-03 3.792130641964661255e-05 -7.724766736419716971e-03 8.053088997286909217e-03 6.512807599256941610e-03 -4.122276386787591777e-03 -3.505143719000665924e-03 -3.505143719000665924e-03 9.572360089533925656e-03 6.512807599256941610e-03 -9.352494617315710093e-03 -3.505143719000665924e-03 8.053088997286909217e-03 6.512807599256941610e-03 -6.850015764213871969e-03 -4.122276386787591777e-03 3.685304235451736157e-03 -6.657366691001289673e-03 3.685304235451736157e-03 -5.762714542654677648e-03 -9.352494617315710093e-03 -1.229176556679899973e-02 -6.657366691001289673e-03 -9.352494617315710093e-03 -4.122276386787591777e-03 -3.505143719000665924e-03 -5.762714542654677648e-03 -4.122276386787591777e-03 3.685304235451736157e-03 1.897663770393825944e-03 -1.229176556679899973e-02 -6.850015764213871969e-03 -4.122276386787591777e-03 -1.141965083208209414e-02 -1.072931544038497687e-03 -5.762714542654677648e-03 -6.657366691001289673e-03 3.792130641964661255e-05 -4.122276386787591777e-03 -4.122276386787591777e-03 -4.122276386787591777e-03 -4.122276386787591777e-03 -1.229176556679899973e-02 -1.141965083208209414e-02 6.512807599256941610e-03 -5.762714542654677648e-03 8.053088997286909217e-03 1.315684583747128667e-03 -9.352494617315710093e-03 -5.762714542654677648e-03 1.315684583747128667e-03 -9.072722764212906577e-03 1.315684583747128667e-03 8.053088997286909217e-03 3.792130641964661255e-05 -6.850015764213871969e-03 -6.657366691001289673e-03 -9.352494617315710093e-03 3.792130641964661255e-05 -1.072931544038497687e-03 -6.585465774669676912e-03 -5.762714542654677648e-03 -1.229176556679899973e-02 6.512807599256941610e-03 8.053088997286909217e-03 3.792130641964661255e-05 -1.072931544038497687e-03 -7.724766736419716971e-03 8.053088997286909217e-03 -9.352494617315710093e-03 -6.850015764213871969e-03 9.572360089533925656e-03 -3.505143719000665924e-03 -4.122276386787591777e-03 6.512807599256941610e-03 -7.724766736419716971e-03 9.572360089533925656e-03 -4.122276386787591777e-03 -9.072722764212906577e-03 1.315684583747128667e-03 -6.850015764213871969e-03 9.572360089533925656e-03 -1.072931544038497687e-03 1.897663770393825944e-03 -1.072931544038497687e-03 -9.352494617315710093e-03 -1.141965083208209414e-02 -5.896890607242115867e-04 -6.585465774669676912e-03 6.512807599256941610e-03 3.685304235451736157e-03 -3.505143719000665924e-03 6.512807599256941610e-03 -5.896890607242115867e-04 -5.762714542654677648e-03 -4.122276386787591777e-03 -6.657366691001289673e-03 -5.896890607242115867e-04 6.512807599256941610e-03 1.315684583747128667e-03 -1.229176556679899973e-02 -1.229176556679899973e-02 -9.352494617315710093e-03 8.053088997286909217e-03 -3.505143719000665924e-03 -9.072722764212906577e-03 -4.122276386787591777e-03 6.512807599256941610e-03 -1.141965083208209414e-02 8.053088997286909217e-03 -6.657366691001289673e-03 -5.896890607242115867e-04 -4.122276386787591777e-03 3.685304235451736157e-03 1.897663770393825944e-03 -9.352494617315710093e-03 -5.896890607242115867e-04 -1.229176556679899973e-02 -9.352494617315710093e-03 -7.724766736419716971e-03 -5.762714542654677648e-03 3.792130641964661255e-05 -6.850015764213871969e-03 1.897663770393825944e-03 9.572360089533925656e-03 -4.122276386787591777e-03 1.315684583747128667e-03 -9.352494617315710093e-03 -6.850015764213871969e-03 -9.352494617315710093e-03 -9.352494617315710093e-03 -1.141965083208209414e-02 -9.352494617315710093e-03 -9.072722764212906577e-03 9.572360089533925656e-03 -6.585465774669676912e-03 -1.141965083208209414e-02 3.792130641964661255e-05 -5.762714542654677648e-03 -9.352494617315710093e-03 -5.896890607242115867e-04 -6.657366691001289673e-03 3.685304235451736157e-03 -9.072722764212906577e-03 -6.585465774669676912e-03 -9.072722764212906577e-03 1.315684583747128667e-03 -5.896890607242115867e-04 1.315684583747128667e-03 6.512807599256941610e-03 -9.072722764212906577e-03 8.053088997286909217e-03 -5.896890607242115867e-04 -1.229176556679899973e-02 8.053088997286909217e-03 9.572360089533925656e-03 -6.585465774669676912e-03 -4.122276386787591777e-03 -6.657366691001289673e-03 -5.896890607242115867e-04 -5.762714542654677648e-03 -9.352494617315710093e-03 1.315684583747128667e-03 -5.896890607242115867e-04 -1.141965083208209414e-02 -1.229176556679899973e-02 6.512807599256941610e-03 6.512807599256941610e-03 -1.141965083208209414e-02 -6.850015764213871969e-03 -5.896890607242115867e-04 -9.072722764212906577e-03 1.315684583747128667e-03 3.685304235451736157e-03 -9.352494617315710093e-03 -1.141965083208209414e-02 -4.122276386787591777e-03 -1.072931544038497687e-03 -6.657366691001289673e-03 8.053088997286909217e-03 -9.072722764212906577e-03 8.053088997286909217e-03 -4.122276386787591777e-03 6.512807599256941610e-03 -6.585465774669676912e-03 -5.762714542654677648e-03 -4.122276386787591777e-03 -6.585465774669676912e-03 -4.122276386787591777e-03 -7.724766736419716971e-03 -5.762714542654677648e-03 -1.072931544038497687e-03 1.315684583747128667e-03 -6.850015764213871969e-03
9.572360089533925656e-03 -1.072931544038497687e-03 -9.352494617315710093e-03 -5.762714542654677648e-03 -6.657366691001289673e-03 -6.850015764213871969e-03 8.053088997286909217e-03 -7.724766736419716971e-03 -9.072722764212906577e-03 -3.505143719000665924e-03 1.897663770393825944e-03 6.512807599256941610e-03 -6.850015764213871969e-03 3.685304235451736157e-03 -9.352494617315710093e-03 -5.896890607242115867e-04 -3.505143719000665924e-03 -6.850015764213871969e-03 -5.762714542654677648e-03 -4.122276386787591777e-03 -1.141965083208209414e-02 -7.724766736419716971e-03 -5.896890607242115867e-04 -6.657366691001289673e-03 -6.657366691001289673e-03 -9.072722764212906577e-03 -3.505143719000665924e-03 -5.896890607242115867e-04 -9.352494617315710093e-03 3.792130641964661255e-05 -6.850015764213871969e-03 -1.072931544038497687e-03 -1.229176556679899973e-02 -9.352494617315710093e-03 3.685304235451736157e-03 8.053088997286909217e-03 6.512807599256941610e-03 9.572360089533925656e-03 -9.352494617315710093e-03 -9.352494617315710093e-03 -9.352494617315710093e-03 -5.762714542654677648e-03 3.792130641964661255e-05 8.053088997286909217e-03 -1.141965083208209414e-02 1.897663770393825944e-03 1.897663770393825944e-03 -6.585465774669676912e-03 -3.505143719000665924e-03 -3.505143719000665924e-03 -3.505143719000665924e-03 1.897663770393825944e-03 -1.141965083208209414e-02 -7.724766736419716971e-03 -6.585465774669676912e-03 -9.072722764212906577e-03 -5.762714542654677648e-03 9.572360089533925656e-03 8.053088997286909217e-03 -6.850015764213871969e-03 -7.724766736419716971e-03 3.685304235451736157e-03 -9.352494617315710093e-03 -4.122276386787591777e-03 -1.141965083208209414e-02 -1.072931544038497687e-03 -9.072722764212906577e-03 -9.352494617315710093e-03 9.572360089533925656e-03 3.792130641964661255e-05 9.572360089533925656e-03 -9.352494617315710093e-03 -9.072722764212906577e-03 -6.585465774669676912e-03 3.792130641964661255e-05 -1.141965083208209414e-02 6.512807599256941610e-03 -1.229176556679899973e-02 -4.122276386787591777e-03 1.897663770393825944e-03 3.792130641964661255e-05 -1.072931544038497687e-03 -9.072722764212906577e-03 -9.352494617315710093e-03 -6.585465774669676912e-03 -6.657366691001289673e-03 9.572360089533925656e-03 -4.122276386787591777e-03 -1.229176556679899973e-02 -1.141965083208209414e-02 3.685304235451736157e-03 -6.657366691001289673e-03 -6.850015764213871969e-03 1.897663770393825944e-03 -9.072722764212906577e-03 9.572360089533925656e-03 3.685304235451736157e-03 -4.122276386787591777e-03 8.053088997286909217e-03 -6.850015764213871969e-03 -5.762714542654677648e-03 -4.122276386787591777e-03 -9.072722764212906577e-03 -3.505143719000665924e-03 -3.505143719000665924e-03 6.512807599256941610e-03 6.512807599256941610e-03 3.792130641964661255e-05 -7.724766736419716971e-03 8.053088997286909217e-03 6.512807599256941610e-03 -4.122276386787591777e-03 -3.505143719000665924e-03 -3.505143719000665924e-03 9.572360089533925656e-03 6.512807599256941610e-03 -9.352494617315710093e-03 -3.505143719000665924e-03 8.053088997286909217e-03 6.512807599256941610e-03 -6.850015764213871969e-03 -4.122276386787591777e-03 3.685304235451736157e-03 -6.657366691001289673e-03 3.685304235451736157e-03 -5.762714542654677648e-03 -9.352494617315710093e-03 -1.229176556679899973e-02 -6.657366691001289673e-03 -9.352494617315710093e-03 -4.122276386787591777e-03 -3.505143719000665924e-03 -5.762714542654677648e-03 -4.122276386787591777e-03 3.685304235451736157e-03 1.897663770393825944e-03 -1.229176556679899973e-02 -6.850015764213871969e-03 -4.122276386787591777e-03 -1.141965083208209414e-02 -1.072931544038497687e-03 -5.762714542654677648e-03 -6.657366691001289673e-03 3.792130641964661255e-05 -4.122276386787591777e-03 -4.122276386787591777e-03 -4.122276386787591777e-03 -4.122276386787591777e-03 -1.229176556679899973e-02 -1.141965083208209414e-02 6.512807599256941610e-03 -5.762714542654677648e-03 8.053088997286909217e-03 1.315684583747128667e-03 -9.352494617315710093e-03 -5.762714542654677648e-03 1.315684583747128667e-03 -9.072722764212906577e-03 1.315684583747128667e-03 8.053088997286909217e-03 3.792130641964661255e-05 -6.850015764213871969e-03 -6.657366691001289673e-03 -9.352494617315710093e-03 3.792130641964661255e-05 -1.072931544038497687e-03 -6.585465774669676912e-03 -5.762714542654677648e-03 -1.229176556679899973e-02 6.512807599256941610e-03 8.053088997286909217e-03 3.792130641964661255e-05 -1.072931544038497687e-03 -7.724766736419716971e-03 8.053088997286909217e-03 -9.352494617315710093e-03 -6.850015764213871969e-03 9.572360089533925656e-03 -3.505143719000665924e-03 -4.122276386787591777e-03 6.512807599256941610e-03 -7.724766736419716971e-03 9.572360089533925656e-03 -4.122276386787591777e-03 -9.072722764212906577e-03 1.315684583747128667e-03 -6.850015764213871969e-03 9.572360089533925656e-03 -1.072931544038497687e-03 1.897663770393825944e-03 -1.072931544038497687e-03 -9.352494617315710093e-03 -1.141965083208209414e-02 -5.896890607242115867e-04 -6.585465774669676912e-03 6.512807599256941610e-03 3.685304235451736157e-03 -3.505143719000665924e-03 6.512807599256941610e-03 -5.896890607242115867e-04 -5.762714542654677648e-03 -4.122276386787591777e-03 -6.657366691001289673e-03 -5.896890607242115867e-04 6.512807599256941610e-03 1.315684583747128667e-03 -1.229176556679899973e-02 -1.229176556679899973e-02 -9.352494617315710093e-03 8.053088997286909217e-03 -3.505143719000665924e-03 -9.072722764212906577e-03 -4.122276386787591777e-03 6.512807599256941610e-03 -1.141965083208209414e-02 8.053088997286909217e-03 -6.657366691001289673e-03 -5.896890607242115867e-04 -4.122276386787591777e-03 3.685304235451736157e-03 1.897663770393825944e-03 -9.352494617315710093e-03 -5.896890607242115867e-04 -1.229176556679899973e-02 -9.352494617315710093e-03 -7.724766736419716971e-03 -5.762714542654677648e-03 3.792130641964661255e-05 -6.850015764213871969e-03 1.897663770393825944e-03 9.572360089533925656e-03 -4.122276386787591777e-03 1.315684583747128667e-03 -9.352494617315710093e-03 -6.850015764213871969e-03 -9.352494617315710093e-03 -9.352494617315710093e-03 -1.141965083208209414e-02 -9.352494617315710093e-03 -9.072722764212906577e-03 9.572360089533925656e-03 -6.585465774669676912e-03 -1.141965083208209414e-02 3.792130641964661255e-05 -5.762714542654677648e-03 -9.352494617315710093e-03 -5.896890607242115867e-04 -6.657366691001289673e-03 3.685304235451736157e-03 -9.072722764212906577e-03 -6.585465774669676912e-03 -9.072722764212906577e-03 1.315684583747128667e-03 -5.896890607242115867e-04 1.315684583747128667e-03 6.512807599256941610e-03 -9.072722764212906577e-03 8.053088997286909217e-03 -5.896890607242115867e-04 -1.229176556679899973e-02 8.053088997286909217e-03 9.572360089533925656e-03 -6.585465774669676912e-03 -4.122276386787591777e-03 -6.657366691001289673e-03 -5.896890607242115867e-04 -5.762714542654677648e-03 -9.352494617315710093e-03 1.315684583747128667e-03 -5.896890607242115867e-04 -1.141965083208209414e-02 -1.229176556679899973e-02 6.512807599256941610e-03 6.512807599256941610e-03 -1.141965083208209414e-02 -6.850015764213871969e-03 -5.896890607242115867e-04 -9.072722764212906577e-03 1.315684583747128667e-03 3.685304235451736157e-03 -9.352494617315710093e-03 -1.141965083208209414e-02 -4.122276386787591777e-03 -1.072931544038497687e-03 -6.657366691001289673e-03 8.053088997286909217e-03 -9.072722764212906577e-03 8.053088997286909217e-03 -4.122276386787591777e-03 6.512807599256941610e-03 -6.585465774669676912e-03 -5.762714542654677648e-03 -4.122276386787591777e-03 -6.585465774669676912e-03 -4.122276386787591777e-03 -7.724766736419716971e-03 -5.762714542654677648e-03 -1.072931544038497687e-03 1.315684583747128667e-03 -6.850015764213871969e-03
9.572360089533925656e-03 -1.072931544038497687e-03 -9.352494617315710093e-03 -5.762714542654677648e-03 -6.657366691001289673e-03 -6.850015764213871969e-03 8.053088997286909217e-03 -7.724766736419716971e-03 -9.072722764212906577e-03 -3.505143719000665924e-03 1.897663770393825944e-03 6.512807599256941610e-03 -6.850015764213871969e-03 3.685304235451736157e-03 -9.352494617315710093e-03 -5.896890607242115867e-04 -3.505143719000665924e-03 -6.850015764213871969e-03 -5.762714542654677648e-03 -4.122276386787591777e-03 -1.141965083208209414e-02 -7.724766736419716971e-03 -5.896890607242115867e-04 -6.657366691001289673e-03 -6.657366691001289673e-03 -9.072722764212906577e-03 -3.505143719000665924e-03 -5.896890607242115867e-04 -9.352494617315710093e-03 3.792130641964661255e-05 -6.850015764213871969e-03 -1.072931544038497687e-03 -1.229176556679899973e-02 -9.352494617315710093e-03 3.685304235451736157e-03 8.053088997286909217e-03 6.512807599256941610e-03 9.572360089533925656e-03 -9.352494617315710093e-03 -9.352494617315710093e-03 -9.352494617315710093e-03 -5.762714542654677648e-03 3.792130641964661255e-05 8.053088997286909217e-03 -1.141965083208209414e-02 1.897663770393825944e-03 1.897663770393825944e-03 -6.585465774669676912e-03 -3.505143719000665924e-03 -3.505143719000665924e-03 -3.505143719000665924e-03 1.897663770393825944e-03 -1.141965083208209414e-02 -7.724766736419716971e-03 -6.585465774669676912e-03 -9.072722764212906577e-03 -5.762714542654677648e-03 9.572360089533925656e-03 8.053088997286909217e-03 -6.850015764213871969e-03 -7.724766736419716971e-03 3.685304235451736157e-03 -9.352494617315710093e-03 -4.122276386787591777e-03 -1.141965083208209414e-02 -1.072931544038497687e-03 -9.072722764212906577e-03 -9.352494617315710093e-03 9.572360089533925656e-03 3.792130641964661255e-05 9.572360089533925656e-03 -9.352494617315710093e-03 -9.072722764212906577e-03 -6.585465774669676912e-03 3.792130641964661255e-05 -1.141965083208209414e-02 6.512807599256941610e-03 -1.229176556679899973e-02 -4.122276386787591777e-03 1.897663770393825944e-03 3.792130641964661255e-05 -1.072931544038497687e-03 -9.072722764212906577e-03 -9.352494617315710093e-03 -6.585465774669676912e-03 -6.657366691001289673e-03 9.572360089533925656e-03 -4.122276386787591777e-03 -1.229176556679899973e-02 -1.141965083208209414e-02 3.685304235451736157e-03 -6.657366691001289673e-03 -6.850015764213871969e-03 1.897663770393825944e-03 -9.072722764212906577e-03 9.572360089533925656e-03 3.685304235451736157e-03 -4.122276386787591777e-03 8.053088997286909217e-03 -6.850015764213871969e-03 -5.762714542654677648e-03 -4.122276386787591777e-03 -9.072722764212906577e-03 -3.505143719000665924e-03 -3.505143719000665924e-03 6.512807599256941610e-03 6.512807599256941610e-03 3.792130641964661255e-05 -7.724766736419716971e-03 8.053088997286909217e-03 6.512807599256941610e-03 -4.122276386787591777e-03 -3.505143719000665924e-03 -3.505143719000665924e-03 9.572360089533925656e-03 6.512807599256941610e-03 -9.352494617315710093e-03 -3.505143719000665924e-03 8.053088997286909217e-03 6.512807599256941610e-03 -6.850015764213871969e-03 -4.122276386787591777e-03 3.685304235451736157e-03 -6.657366691001289673e-03 3.685304235451736157e-03 -5.762714542654677648e-03 -9.352494617315710093e-03 -1.229176556679899973e-02 -6.657366691001289673e-03 -9.352494617315710093e-03 -4.122276386787591777e-03 -3.505143719000665924e-03 -5.762714542654677648e-03 -4.122276386787591777e-03 3.685304235451736157e-03 1.897663770393825944e-03 -1.229176556679899973e-02 -6.850015764213871969e-03 -4.122276386787591777e-03 -1.141965083208209414e-02 -1.072931544038497687e-03 -5.762714542654677648e-03 -6.657366691001289673e-03 3.792130641964661255e-05 -4.122276386787591777e-03 -4.122276386787591777e-03 -4.122276386787591777e-03 -4.122276386787591777e-03 -1.229176556679899973e-02 -1.141965083208209414e-02 6.512807599256941610e-03 -5.762714542654677648e-03 8.053088997286909217e-03 1.315684583747128667e-03 -9.352494617315710093e-03 -5.762714542654677648e-03 1.315684583747128667e-03 -9.072722764212906577e-03 1.315684583747128667e-03 8.053088997286909217e-03 3.792130641964661255e-05 -6.850015764213871969e-03 -6.657366691001289673e-03 -9.352494617315710093e-03 3.792130641964661255e-05 -1.072931544038497687e-03 -6.585465774669676912e-03 -5.762714542654677648e-03 -1.229176556679899973e-02 6.512807599256941610e-03 8.053088997286909217e-03 3.792130641964661255e-05 -1.072931544038497687e-03 -7.724766736419716971e-03 8.053088997286909217e-03 -9.352494617315710093e-03 -6.850015764213871969e-03 9.572360089533925656e-03 -3.505143719000665924e-03 -4.122276386787591777e-03 6.512807599256941610e-03 -7.724766736419716971e-03 9.572360089533925656e-03 -4.122276386787591777e-03 -9.072722764212906577e-03 1.315684583747128667e-03 -6.850015764213871969e-03 9.572360089533925656e-03 -1.072931544038497687e-03 1.897663770393825944e-03 -1.072931544038497687e-03 -9.352494617315710093e-03 -1.141965083208209414e-02 -5.896890607242115867e-04 -6.585465774669676912e-03 6.512807599256941610e-03 3.685304235451736157e-03 -3.505143719000665924e-03 6.512807599256941610e-03 -5.896890607242115867e-04 -5.762714542654677648e-03 -4.122276386787591777e-03 -6.657366691001289673e-03 -5.896890607242115867e-04 6.512807599256941610e-03 1.315684583747128667e-03 -1.229176556679899973e-02 -1.229176556679899973e-02 -9.352494617315710093e-03 8.053088997286909217e-03 -3.505143719000665924e-03 -9.072722764212906577e-03 -4.122276386787591777e-03 6.512807599256941610e-03 -1.141965083208209414e-02 8.053088997286909217e-03 -6.657366691001289673e-03 -5.896890607242115867e-04 -4.122276386787591777e-03 3.685304235451736157e-03 1.897663770393825944e-03 -9.352494617315710093e-03 -5.896890607242115867e-04 -1.229176556679899973e-02 -9.352494617315710093e-03 -7.724766736419716971e-03 -5.762714542654677648e-03 3.792130641964661255e-05 -6.850015764213871969e-03 1.897663770393825944e-03 9.572360089533925656e-03 -4.122276386787591777e-03 1.315684583747128667e-03 -9.352494617315710093e-03 -6.850015764213871969e-03 -9.352494617315710093e-03 -9.352494617315710093e-03 -1.141965083208209414e-02 -9.352494617315710093e-03 -9.072722764212906577e-03 9.572360089533925656e-03 -6.585465774669676912e-03 -1.141965083208209414e-02 3.792130641964661255e-05 -5.762714542654677648e-03 -9.352494617315710093e-03 -5.896890607242115867e-04 -6.657366691001289673e-03 3.685304235451736157e-03 -9.072722764212906577e-03 -6.585465774669676912e-03 -9.072722764212906577e-03 1.315684583747128667e-03 -5.896890607242115867e-04 1.315684583747128667e-03 6.512807599256941610e-03 -9.072722764212906577e-03 8.053088997286909217e-03 -5.896890607242115867e-04 -1.229176556679899973e-02 8.053088997286909217e-03 9.572360089533925656e-03 -6.585465774669676912e-03 -4.122276386787591777e-03 -6.657366691001289673e-03 -5.896890607242115867e-04 -5.762714542654677648e-03 -9.352494617315710093e-03 1.315684583747128667e-03 -5.896890607242115867e-04 -1.141965083208209414e-02 -1.229176556679899973e-02 6.512807599256941610e-03 6.512807599256941610e-03 -1.141965083208209414e-02 -6.850015764213871969e-03 -5.896890607242115867e-04 -9.072722764212906577e-03 1.315684583747128667e-03 3.685304235451736157e-03 -9.352494617315710093e-03 -1.141965083208209414e-02 -4.122276386787591777e-03 -1.072931544038497687e-03 -6.657366691001289673e-03 8.053088997286909217e-03 -9.072722764212906577e-03 8.053088997286909217e-03 -4.122276386787591777e-03 6.512807599256941610e-03 -6.585465774669676912e-03 -5.762714542654677648e-03 -4.122276386787591777e-03 -6.585465774669676912e-03 -4.122276386787591777e-03 -7.724766736419716971e-03 -5.762714542654677648e-03 -1.072931544038497687e-03 1.315684583747128667e-03 -6.850015764213871969e-03
1.286093427994006687e-02 -6.836339665889328357e-03 -1.142623481407975712e-02 -5.598984223416408196e-03 -6.993365120112274812e-03 -5.408353121893320382e-03 6.729667979903763107e-03 -5.608906519933913072e-03 -1.063198046766314180e-02 -5.096077580701546816e-03 3.326622525640417043e-03 8.793430876166694402e-03 -5.408353121893320382e-03 9.537188927732496990e-03 -1.142623481407975712e-02 2.613435786562086621e-03 -5.096077580701546816e-03 -5.408353121893320382e-03 -5.598984223416408196e-03 -6.269362435885102863e-03 -1.418828581037310035e-02 -5.608906519933913072e-03 2.613435786562086621e-03 -6.993365120112274812e-03 -6.993365120112274812e-03 -1.063198046766314180e-02 -5.096077580701546816e-03 2.613435786562086621e-03 -1.142623481407975712e-02 4.990888102064479880e-03 -5.408353121893320382e-03 -6.836339665889328357e-03 -1.128332065875418087e-02 -1.142623481407975712e-02 9.537188927732496990e-03 6.729667979903763107e-03 8.793430876166694402e-03 1.286093427994006687e-02 -1.142623481407975712e-02 -1.142623481407975712e-02 -1.142623481407975712e-02 -5.598984223416408196e-03 4.990888102064479880e-03 6.729667979903763107e-03 -1.418828581037310035e-02 3.326622525640417043e-03 3.326622525640417043e-03 -5.830411558583869017e-03 -5.096077580701546816e-03 -5.096077580701546816e-03 -5.096077580701546816e-03 3.326622525640417043e-03 -1.418828581037310035e-02 -5.608906519933913072e-03 -5.830411558583869017e-03 -1.063198046766314180e-02 -5.598984223416408196e-03 1.286093427994006687e-02 6.729667979903763107e-03 -5.408353121893320382e-03 -5.608906519933913072e-03 9.537188927732496990e-03 -1.142623481407975712e-02 -6.269362435885102863e-03 -1.418828581037310035e-02 -6.836339665889328357e-03 -1.063198046766314180e-02 -1.142623481407975712e-02 1.286093427994006687e-02 4.990888102064479880e-03 1.286093427994006687e-02 -1.142623481407975712e-02 -1.063198046766314180e-02 -5.830411558583869017e-03 4.990888102064479880e-03 -1.418828581037310035e-02 8.793430876166694402e-03 -1.128332065875418087e-02 -6.269362435885102863e-03 3.326622525640417043e-03 4.990888102064479880e-03 -6.836339665889328357e-03 -1.063198046766314180e-02 -1.142623481407975712e-02 -5.830411558583869017e-03 -6.993365120112274812e-03 1.286093427994006687e-02 -6.269362435885102863e-03 -1.128332065875418087e-02 -1.418828581037310035e-02 9.537188927732496990e-03 -6.993365120112274812e-03 -5.408353121893320382e-03 3.326622525640417043e-03 -1.063198046766314180e-02 1.286093427994006687e-02 9.537188927732496990e-03 -6.269362435885102863e-03 6.729667979903763107e-03 -5.408353121893320382e-03 -5.598984223416408196e-03 -6.269362435885102863e-03 -1.063198046766314180e-02 -5.096077580701546816e-03 -5.096077580701546816e-03 8.793430876166694402e-03 8.793430876166694402e-03 4.990888102064479880e-03 -5.608906519933913072e-03 6.729667979903763107e-03 8.793430876166694402e-03 -6.269362435885102863e-03 -5.096077580701546816e-03 -5.096077580701546816e-03 1.286093427994006687e-02 8.793430876166694402e-03 -1.142623481407975712e-02 -5.096077580701546816e-03 6.729667979903763107e-03 8.793430876166694402e-03 -5.408353121893320382e-03 -6.269362435885102863e-03 9.537188927732496990e-03 -6.993365120112274812e-03 9.537188927732496990e-03 -5.598984223416408196e-03 -1.142623481407975712e-02 -1.128332065875418087e-02 -6.993365120112274812e-03 -1.142623481407975712e-02 -6.269362435885102863e-03 -5.096077580701546816e-03 -5.598984223416408196e-03 -6.269362435885102863e-03 9.537188927732496990e-03 3.326622525640417043e-03 -1.128332065875418087e-02 -5.408353121893320382e-03 -6.269362435885102863e-03 -1.418828581037310035e-02 -6.836339665889328357e-03 -5.598984223416408196e-03 -6.993365120112274812e-03 4.990888102064479880e-03 -6.269362435885102863e-03 -6.269362435885102863e-03 -6.269362435885102863e-03 -6.269362435885102863e-03 -1.128332065875418087e-02 -1.418828581037310035e-02 8.793430876166694402e-03 -5.598984223416408196e-03 6.729667979903763107e-03 1.140872992693617001e-03 -1.142623481407975712e-02 -5.598984223416408196e-03 1.140872992693617001e-03 -1.063198046766314180e-02 1.140872992693617001e-03 6.729667979903763107e-03 4.990888102064479880e-03 -5.408353121893320382e-03 -6.993365120112274812e-03 -1.142623481407975712e-02 4.990888102064479880e-03 -6.836339665889328357e-03 -5.830411558583869017e-03 -5.598984223416408196e-03 -1.128332065875418087e-02 8.793430876166694402e-03 6.729667979903763107e-03 4.990888102064479880e-03 -6.836339665889328357e-03 -5.608906519933913072e-03 6.729667979903763107e-03 -1.142623481407975712e-02 -5.408353121893320382e-03 1.286093427994006687e-02 -5.096077580701546816e-03 -6.269362435885102863e-03 8.793430876166694402e-03 -5.608906519933913072e-03 1.286093427994006687e-02 -6.269362435885102863e-03 -1.063198046766314180e-02 1.140872992693617001e-03 -5.408353121893320382e-03 1.286093427994006687e-02 -6.836339665889328357e-03 3.326622525640417043e-03 -6.836339665889328357e-03 -1.142623481407975712e-02 -1.418828581037310035e-02 2.613435786562086621e-03 -5.830411558583869017e-03 8.793430876166694402e-03 9.537188927732496990e-03 -5.096077580701546816e-03 8.793430876166694402e-03 2.613435786562086621e-03 -5.598984223416408196e-03 -6.269362435885102863e-03 -6.993365120112274812e-03 2.613435786562086621e-03 8.793430876166694402e-03 1.140872992693617001e-03 -1.128332065875418087e-02 -1.128332065875418087e-02 -1.142623481407975712e-02 6.729667979903763107e-03 -5.096077580701546816e-03 -1.063198046766314180e-02 -6.269362435885102863e-03 8.793430876166694402e-03 -1.418828581037310035e-02 6.729667979903763107e-03 -6.993365120112274812e-03 2.613435786562086621e-03 -6.269362435885102863e-03 9.537188927732496990e-03 3.326622525640417043e-03 -1.142623481407975712e-02 2.613435786562086621e-03 -1.128332065875418087e-02 -1.142623481407975712e-02 -5.608906519933913072e-03 -5.598984223416408196e-03 4.990888102064479880e-03 -5.408353121893320382e-03 3.326622525640417043e-03 1.286093427994006687e-02 -6.269362435885102863e-03 1.140872992693617001e-03 -1.142623481407975712e-02 -5.408353121893320382e-03 -1.142623481407975712e-02 -1.142623481407975712e-02 -1.418828581037310035e-02 -1.142623481407975712e-02 -1.063198046766314180e-02 1.286093427994006687e-02 -5.830411558583869017e-03 -1.418828581037310035e-02 4.990888102064479880e-03 -5.598984223416408196e-03 -1.142623481407975712e-02 2.613435786562086621e-03 -6.993365120112274812e-03 9.537188927732496990e-03 -1.063198046766314180e-02 -5.830411558583869017e-03 -1.063198046766314180e-02 1.140872992693617001e-03 2.613435786562086621e-03 1.140872992693617001e-03 8.793430876166694402e-03 -1.063198046766314180e-02 6.729667979903763107e-03 2.613435786562086621e-03 -1.128332065875418087e-02 6.729667979903763107e-03 1.286093427994006687e-02 -5.830411558583869017e-03 -6.269362435885102863e-03 -6.993365120112274812e-03 2.613435786562086621e-03 -5.598984223416408196e-03 -1.142623481407975712e-02 1.140872992693617001e-03 2.613435786562086621e-03 -1.418828581037310035e-02 -1.128332065875418087e-02 8.793430876166694402e-03 8.793430876166694402e-03 -1.418828581037310035e-02 -5.408353121893320382e-03 2.613435786562086621e-03 -1.063198046766314180e-02 1.140872992693617001e-03 9.537188927732496990e-03 -1.142623481407975712e-02 -1.418828581037310035e-02 -6.269362435885102863e-03 -6.836339665889328357e-03 -6.993365120112274812e-03 6.729667979903763107e-03 -1.063198046766314180e-02 6.729667979903763107e-03 -6.269362435885102863e-03 8.793430876166694402e-03 -5.830411558583869017e-03 -5.598984223416408196e-03 -6.269362435885102863e-03 -5.830411558583869017e-03 -6.269362435885102863e-03 -5.608906519933913072e-03 -5.598984223416408196e-03 -6.836339665889328357e-03 1.140872992693617001e-03 -5.408353121893320382e-03
1.286093427994006687e-02 -6.836339665889328357e-03 -1.142623481407975712e-02 -5.598984223416408196e-03 -6.993365120112274812e-03 -5.408353121893320382e-03 6.729667979903763107e-03 -5.608906519933913072e-03 -1.063198046766314180e-02 -5.096077580701546816e-03 3.326622525640417043e-03 8.793430876166694402e-03 -5.408353121893320382e-03 9.537188927732496990e-03 -1.142623481407975712e-02 2.613435786562086621e-03 -5.096077580701546816e-03 -5.408353121893320382e-03 -5.598984223416408196e-03 -6.269362435885102863e-03 -1.418828581037310035e-02 -5.608906519933913072e-03 2.613435786562086621e-03 -6.993365120112274812e-03 -6.993365120112274812e-03 -1.063198046766314180e-02 -5.096077580701546816e-03 2.613435786562086621e-03 -1.142623481407975712e-02 4.990888102064479880e-03 -5.408353121893320382e-03 -6.836339665889328357e-03 -1.128332065875418087e-02 -1.142623481407975712e-02 9.537188927732496990e-03 6.729667979903763107e-03 8.793430876166694402e-03 1.286093427994006687e-02 -1.142623481407975712e-02 -1.142623481407975712e-02 -1.142623481407975712e-02 -5.598984223416408196e-03 4.990888102064479880e-03 6.729667979903763107e-03 -1.418828581037310035e-02 3.326622525640417043e-03 3.326622525640417043e-03 -5.830411558583869017e-03 -5.096077580701546816e-03 -5.096077580701546816e-03 -5.096077580701546816e-03 3.326622525640417043e-03 -1.418828581037310035e-02 -5.608906519933913072e-03 -5.830411558583869017e-03 -1.063198046766314180e-02 -5.598984223416408196e-03 1.286093427994006687e-02 6.729667979903763107e-03 -5.408353121893320382e-03 -5.608906519933913072e-03 9.537188927732496990e-03 -1.142623481407975712e-02 -6.269362435885102863e-03 -1.418828581037310035e-02 -6.836339665889328357e-03 -1.063198046766314180e-02 -1.142623481407975712e-02 1.286093427994006687e-02 4.990888102064479880e-03 1.286093427994006687e-02 -1.142623481407975712e-02 -1.063198046766314180e-02 -5.830411558583869017e-03 4.990888102064479880e-03 -1.418828581037310035e-02 8.793430876166694402e-03 -1.128332065875418087e-02 -6.269362435885102863e-03 3.326622525640417043e-03 4.990888102064479880e-03 -6.836339665889328357e-03 -1.063198046766314180e-02 -1.142623481407975712e-02 -5.830411558583869017e-03 -6.993365120112274812e-03 1.286093427994006687e-02 -6.269362435885102863e-03 -1.128332065875418087e-02 -1.418828581037310035e-02 9.537188927732496990e-03 -6.993365120112274812e-03 -5.408353121893320382e-03 3.326622525640417043e-03 -1.063198046766314180e-02 1.286093427994006687e-02 9.537188927732496990e-03 -6.269362435885102863e-03 6.729667979903763107e-03 -5.408353121893320382e-03 -5.598984223416408196e-03 -6.269362435885102863e-03 -1.063198046766314180e-02 -5.096077580701546816e-03 -5.096077580701546816e-03 8.793430876166694402e-03 8.793430876166694402e-03 4.990888102064479880e-03 -5.608906519933913072e-03 6.729667979903763107e-03 8.793430876166694402e-03 -6.269362435885102863e-03 -5.096077580701546816e-03 -5.096077580701546816e-03 1.286093427994006687e-02 8.793430876166694402e-03 -1.142623481407975712e-02 -5.096077580701546816e-03 6.729667979903763107e-03 8.793430876166694402e-03 -5.408353121893320382e-03 -6.269362435885102863e-03 9.537188927732496990e-03 -6.993365120112274812e-03 9.537188927732496990e-03 -5.598984223416408196e-03 -1.142623481407975712e-02 -1.128332065875418087e-02 -6.993365120112274812e-03 -1.142623481407975712e-02 -6.269362435885102863e-03 -5.096077580701546816e-03 -5.598984223416408196e-03 -6.269362435885102863e-03 9.537188927732496990e-03 3.326622525640417043e-03 -1.128332065875418087e-02 -5.408353121893320382e-03 -6.269362435885102863e-03 -1.418828581037310035e-02 -6.836339665889328357e-03 -5.598984223416408196e-03 -6.993365120112274812e-03 4.990888102064479880e-03 -6.269362435885102863e-03 -6.269362435885102863e-03 -6.269362435885102863e-03 -6.269362435885102863e-03 -1.128332065875418087e-02 -1.418828581037310035e-02 8.793430876166694402e-03 -5.598984223416408196e-03 6.729667979903763107e-03 1.140872992693617001e-03 -1.142623481407975712e-02 -5.598984223416408196e-03 1.140872992693617001e-03 -1.063198046766314180e-02 1.140872992693617001e-03 6.729667979903763107e-03 4.990888102064479880e-03 -5.408353121893320382e-03 -6.993365120112274812e-03 -1.142623481407975712e-02 4.990888102064479880e-03 -6.836339665889328357e-03 -5.830411558583869017e-03 -5.598984223416408196e-03 -1.128332065875418087e-02 8.793430876166694402e-03 6.729667979903763107e-03 4.990888102064479880e-03 -6.836339665889328357e-03 -5.608906519933913072e-03 6.729667979903763107e-03 -1.142623481407975712e-02 -5.408353121893320382e-03 1.286093427994006687e-02 -5.096077580701546816e-03 -6.269362435885102863e-03 8.793430876166694402e-03 -5.608906519933913072e-03 1.286093427994006687e-02 -6.269362435885102863e-03 -1.063198046766314180e-02 1.140872992693617001e-03 -5.408353121893320382e-03 1.286093427994006687e-02 -6.836339665889328357e-03 3.326622525640417043e-03 -6.836339665889328357e-03 -1.142623481407975712e-02 -1.418828581037310035e-02 2.613435786562086621e-03 -5.830411558583869017e-03 8.793430876166694402e-03 9.537188927732496990e-03 -5.096077580701546816e-03 8.793430876166694402e-03 2.613435786562086621e-03 -5.598984223416408196e-03 -6.269362435885102863e-03 -6.993365120112274812e-03 2.613435786562086621e-03 8.793430876166694402e-03 1.140872992693617001e-03 -1.128332065875418087e-02 -1.128332065875418087e-02 -1.142623481407975712e-02 6.729667979903763107e-03 -5.096077580701546816e-03 -1.063198046766314180e-02 -6.269362435885102863e-03 8.793430876166694402e-03 -1.418828581037310035e-02 6.729667979903763107e-03 -6.993365120112274812e-03 2.613435786562086621e-03 -6.269362435885102863e-03 9.537188927732496990e-03 3.326622525640417043e-03 -1.142623481407975712e-02 2.613435786562086621e-03 -1.128332065875418087e-02 -1.142623481407975712e-02 -5.608906519933913072e-03 -5.598984223416408196e-03 4.990888102064479880e-03 -5.408353121893320382e-03 3.326622525640417043e-03 1.286093427994006687e-02 -6.269362435885102863e-03 1.140872992693617001e-03 -1.142623481407975712e-02 -5.408353121893320382e-03 -1.142623481407975712e-02 -1.142623481407975712e-02 -1.418828581037310035e-02 -1.142623481407975712e-02 -1.063198046766314180e-02 1.286093427994006687e-02 -5.830411558583869017e-03 -1.418828581037310035e-02 4.990888102064479880e-03 -5.598984223416408196e-03 -1.142623481407975712e-02 2.613435786562086621e-03 -6.993365120112274812e-03 9.537188927732496990e-03 -1.063198046766314180e-02 -5.830411558583869017e-03 -1.063198046766314180e-02 1.140872992693617001e-03 2.613435786562086621e-03 1.140872992693617001e-03 8.793430876166694402e-03 -1.063198046766314180e-02 6.729667979903763107e-03 2.613435786562086621e-03 -1.128332065875418087e-02 6.729667979903763107e-03 1.286093427994006687e-02 -5.830411558583869017e-03 -6.269362435885102863e-03 -6.993365120112274812e-03 2.613435786562086621e-03 -5.598984223416408196e-03 -1.142623481407975712e-02 1.140872992693617001e-03 2.613435786562086621e-03 -1.418828581037310035e-02 -1.128332065875418087e-02 8.793430876166694402e-03 8.793430876166694402e-03 -1.418828581037310035e-02 -5.408353121893320382e-03 2.613435786562086621e-03 -1.063198046766314180e-02 1.140872992693617001e-03 9.537188927732496990e-03 -1.142623481407975712e-02 -1.418828581037310035e-02 -6.269362435885102863e-03 -6.836339665889328357e-03 -6.993365120112274812e-03 6.729667979903763107e-03 -1.063198046766314180e-02 6.729667979903763107e-03 -6.269362435885102863e-03 8.793430876166694402e-03 -5.830411558583869017e-03 -5.598984223416408196e-03 -6.269362435885102863e-03 -5.830411558583869017e-03 -6.269362435885102863e-03 -5.608906519933913072e-03 -5.598984223416408196e-03 -6.836339665889328357e-03 1.140872992693617001e-03 -5.408353121893320382e-03
1.286093427994006687e-02 -6.836339665889328357e-03 -1.142623481407975712e-02 -5.598984223416408196e-03 -6.993365120112274812e-03 -5.408353121893320382e-03 6.729667979903763107e-03 -5.608906519933913072e-03 -1.063198046766314180e-02 -5.096077580701546816e-03 3.326622525640417043e-03 8.793430876166694402e-03 -5.408353121893320382e-03 9.537188927732496990e-03 -1.142623481407975712e-02 2.613435786562086621e-03 -5.096077580701546816e-03 -5.408353121893320382e-03 -5.598984223416408196e-03 -6.269362435885102863e-03 -1.418828581037310035e-02 -5.608906519933913072e-03 2.613435786562086621e-03 -6.993365120112274812e-03 -6.993365120112274812e-03 -1.063198046766314180e-02 -5.096077580701546816e-03 2.613435786562086621e-03 -1.142623481407975712e-02 4.990888102064479880e-03 -5.408353121893320382e-03 -6.836339665889328357e-03 -1.128332065875418087e-02 -1.142623481407975712e-02 9.537188927732496990e-03 6.729667979903763107e-03 8.793430876166694402e-03 1.286093427994006687e-02 -1.142623481407975712e-02 -1.142623481407975712e-02 -1.142623481407975712e-02 -5.598984223416408196e-03 4.990888102064479880e-03 6.729667979903763107e-03 -1.418828581037310035e-02 3.326622525640417043e-03 3.326622525640417043e-03 -5.830411558583869017e-03 -5.096077580701546816e-03 -5.096077580701546816e-03 -5.096077580701546816e-03 3.326622525640417043e-03 -1.418828581037310035e-02 -5.608906519933913072e-03 -5.830411558583869017e-03 -1.063198046766314180e-02 -5.598984223416408196e-03 1.286093427994006687e-02 6.729667979903763107e-03 -5.408353121893320382e-03 -5.608906519933913072e-03 9.537188927732496990e-03 -1.142623481407975712e-02 -6.269362435885102863e-03 -1.418828581037310035e-02 -6.836339665889328357e-03 -1.063198046766314180e-02 -1.142623481407975712e-02 1.286093427994006687e-02 4.990888102064479880e-03 1.286093427994006687e-02 -1.142623481407975712e-02 -1.063198046766314180e-02 -5.830411558583869017e-03 4.990888102064479880e-03 -1.418828581037310035e-02 8.793430876166694402e-03 -1.128332065875418087e-02 -6.269362435885102863e-03 3.326622525640417043e-03 4.990888102064479880e-03 -6.836339665889328357e-03 -1.063198046766314180e-02 -1.142623481407975712e-02 -5.830411558583869017e-03 -6.993365120112274812e-03 1.286093427994006687e-02 -6.269362435885102863e-03 -1.128332065875418087e-02 -1.418828581037310035e-02 9.537188927732496990e-03 -6.993365120112274812e-03 -5.408353121893320382e-03 3.326622525640417043e-03 -1.063198046766314180e-02 1.286093427994006687e-02 9.537188927732496990e-03 -6.269362435885102863e-03 6.729667979903763107e-03 -5.408353121893320382e-03 -5.598984223416408196e-03 -6.269362435885102863e-03 -1.063198046766314180e-02 -5.096077580701546816e-03 -5.096077580701546816e-03 8.793430876166694402e-03 8.793430876166694402e-03 4.990888102064479880e-03 -5.608906519933913072e-03 6.729667979903763107e-03 8.793430876166694402e-03 -6.269362435885102863e-03 -5.096077580701546816e-03 -5.096077580701546816e-03 1.286093427994006687e-02 8.793430876166694402e-03 -1.142623481407975712e-02 -5.096077580701546816e-03 6.729667979903763107e-03 8.793430876166694402e-03 -5.408353121893320382e-03 -6.269362435885102863e-03 9.537188927732496990e-03 -6.993365120112274812e-03 9.537188927732496990e-03 -5.598984223416408196e-03 -1.142623481407975712e-02 -1.128332065875418087e-02 -6.993365120112274812e-03 -1.142623481407975712e-02 -6.269362435885102863e-03 -5.096077580701546816e-03 -5.598984223416408196e-03 -6.269362435885102863e-03 9.537188927732496990e-03 3.326622525640417043e-03 -1.128332065875418087e-02 -5.408353121893320382e-03 -6.269362435885102863e-03 -1.418828581037310035e-02 -6.836339665889328357e-03 -5.598984223416408196e-03 -6.993365120112274812e-03 4.990888102064479880e-03 -6.269362435885102863e-03 -6.269362435885102863e-03 -6.269362435885102863e-03 -6.269362435885102863e-03 -1.128332065875418087e-02 -1.418828581037310035e-02 8.793430876166694402e-03 -5.598984223416408196e-03 6.729667979903763107e-03 1.140872992693617001e-03 -1.142623481407975712e-02 -5.598984223416408196e-03 1.140872992693617001e-03 -1.063198046766314180e-02 1.140872992693617001e-03 6.729667979903763107e-03 4.990888102064479880e-03 -5.408353121893320382e-03 -6.993365120112274812e-03 -1.142623481407975712e-02 4.990888102064479880e-03 -6.836339665889328357e-03 -5.830411558583869017e-03 -5.598984223416408196e-03 -1.128332065875418087e-02 8.793430876166694402e-03 6.729667979903763107e-03 4.990888102064479880e-03 -6.836339665889328357e-03 -5.608906519933913072e-03 6.729667979903763107e-03 -1.142623481407975712e-02 -5.408353121893320382e-03 1.286093427994006687e-02 -5.096077580701546816e-03 -6.269362435885102863e-03 8.793430876166694402e-03 -5.608906519933913072e-03 1.286093427994006687e-02 -6.269362435885102863e-03 -1.063198046766314180e-02 1.140872992693617001e-03 -5.408353121893320382e-03 1.286093427994006687e-02 -6.836339665889328357e-03 3.326622525640417043e-03 -6.836339665889328357e-03 -1.142623481407975712e-02 -1.418828581037310035e-02 2.613435786562086621e-03 -5.830411558583869017e-03 8.793430876166694402e-03 9.537188927732496990e-03 -5.096077580701546816e-03 8.793430876166694402e-03 2.613435786562086621e-03 -5.598984223416408196e-03 -6.269362435885102863e-03 -6.993365120112274812e-03 2.613435786562086621e-03 8.793430876166694402e-03 1.140872992693617001e-03 -1.128332065875418087e-02 -1.128332065875418087e-02 -1.142623481407975712e-02 6.729667979903763107e-03 -5.096077580701546816e-03 -1.063198046766314180e-02 -6.269362435885102863e-03 8.793430876166694402e-03 -1.418828581037310035e-02 6.729667979903763107e-03 -6.993365120112274812e-03 2.613435786562086621e-03 -6.269362435885102863e-03 9.537188927732496990e-03 3.326622525640417043e-03 -1.142623481407975712e-02 2.613435786562086621e-03 -1.128332065875418087e-02 -1.142623481407975712e-02 -5.608906519933913072e-03 -5.598984223416408196e-03 4.990888102064479880e-03 -5.408353121893320382e-03 3.326622525640417043e-03 1.286093427994006687e-02 -6.269362435885102863e-03 1.140872992693617001e-03 -1.142623481407975712e-02 -5.408353121893320382e-03 -1.142623481407975712e-02 -1.142623481407975712e-02 -1.418828581037310035e-02 -1.142623481407975712e-02 -1.063198046766314180e-02 1.286093427994006687e-02 -5.830411558583869017e-03 -1.418828581037310035e-02 4.990888102064479880e-03 -5.598984223416408196e-03 -1.142623481407975712e-02 2.613435786562086621e-03 -6.993365120112274812e-03 9.537188927732496990e-03 -1.063198046766314180e-02 -5.830411558583869017e-03 -1.063198046766314180e-02 1.140872992693617001e-03 2.613435786562086621e-03 1.140872992693617001e-03 8.793430876166694402e-03 -1.063198046766314180e-02 6.729667979903763107e-03 2.613435786562086621e-03 -1.128332065875418087e-02 6.729667979903763107e-03 1.286093427994006687e-02 -5.830411558583869017e-03 -6.269362435885102863e-03 -6.993365120112274812e-03 2.613435786562086621e-03 -5.598984223416408196e-03 -1.142623481407975712e-02 1.140872992693617001e-03 2.613435786562086621e-03 -1.418828581037310035e-02 -1.128332065875418087e-02 8.793430876166694402e-03 8.793430876166694402e-03 -1.418828581037310035e-02 -5.408353121893320382e-03 2.613435786562086621e-03 -1.063198046766314180e-02 1.140872992693617001e-03 9.537188927732496990e-03 -1.142623481407975712e-02 -1.418828581037310035e-02 -6.269362435885102863e-03 -6.836339665889328357e-03 -6.993365120112274812e-03 6.729667979903763107e-03 -1.063198046766314180e-02 6.729667979903763107e-03 -6.269362435885102863e-03 8.793430876166694402e-03 -5.830411558583869017e-03 -5.598984223416408196e-03 -6.269362435885102863e-03 -5.830411558583869017e-03 -6.269362435885102863e-03 -5.608906519933913072e-03 -5.598984223416408196e-03 -6.836339665889328357e-03 1.140872992693617001e-03 -5.408353121893320382e-03
